1000
2 237 949 682 998
1 386 938 1310
1 797 431 439
1 862 488 990
1 546 34 255
2 280 20 860 333
1 639 974 1712
1 21 528 310
1 519 114 57
1 535 254 867
2 437 436 617 521
2 922 61 954 511
1 646 571 1931
2 174 176 426 481
1 312 174 582
2 647 157 775 336
2 827 449 935 766
2 191 820 995 872
1 643 75 113
1 536 88 501
1 72 743 820
2 266 279 775 372
2 447 93 735 782
1 901 218 1487
2 515 999 690 999
2 349 774 352 927
2 988 71 988 459
2 16 417 843 972
1 612 593 1152
2 823 164 994 931
2 190 350 814 603
1 948 972 1630
2 670 718 715 755
2 952 32 986 569
1 622 19 1523
1 705 278 1046
1 402 441 1068
2 933 543 949 866
1 296 863 3
2 361 148 786 606
1 170 514 338
2 270 194 428 564
2 913 244 957 245
2 71 97 200 888
1 996 662 1177
1 16 443 1074
1 828 854 734
2 190 388 418 897
1 980 115 1719
2 677 879 715 941
2 919 933 959 982
2 567 349 718 623
2 486 855 488 899
2 573 42 845 99
2 44 340 989 714
2 67 777 76 825
2 451 189 584 241
2 803 22 842 967
1 611 832 1641
1 207 174 622
1 296 220 878
1 412 526 644
1 343 934 1525
1 134 54 1793
1 837 791 1398
1 486 124 981
2 955 882 975 904
2 292 413 988 902
1 413 407 957
1 743 7 1849
1 179 202 1279
1 898 738 1318
2 803 125 883 768
2 809 865 1000 934
1 388 402 961
1 966 108 1307
1 65 320 1939
1 845 940 610
1 821 492 317
2 805 230 964 398
1 306 558 349
2 657 569 751 850
2 628 980 976 999
2 982 166 993 214
2 621 726 707 819
1 402 450 235
1 508 184 1792
2 775 205 953 374
2 689 732 984 859
2 69 615 819 719
2 885 60 907 641
1 559 773 443
2 548 777 781 897
2 879 639 947 647
1 600 397 486
2 168 581 748 881
1 848 886 1585
1 430 922 39
2 324 976 716 989
1 987 19 1552
2 973 682 975 833
1 56 85 726
2 433 748 787 907
1 381 803 1055
2 143 360 757 737
2 116 233 138 598
1 415 743 136
2 120 40 746 575
2 164 846 294 846
1 297 680 128
1 885 118 654
2 956 893 998 941
1 415 145 1930
1 335 703 829
1 566 581 1793
1 254 262 1980
2 822 989 970 989
1 705 50 1450
2 514 272 606 790
1 359 585 1796
1 505 17 1683
1 166 668 890
1 246 893 1004
2 121 201 980 435
1 354 498 979
1 180 375 420
2 108 619 932 732
1 501 713 625
1 435 13 1489
1 738 930 1861
2 648 8 975 290
1 670 49 1590
1 189 218 11
1 947 514 1510
1 118 490 359
2 351 587 632 665
2 79 300 663 838
1 365 938 547
1 927 372 275
2 91 475 276 690
1 835 232 1922
1 985 836 169
1 38 78 1150
2 470 765 491 953
1 398 151 926
2 157 128 820 561
1 241 992 280
2 755 416 991 540
1 178 766 188
1 609 871 292
2 416 177 459 648
2 792 882 808 933
1 893 998 907
2 913 425 925 676
2 982 790 989 859
2 499 518 842 665
1 330 954 1759
1 440 655 1476
1 548 816 1238
2 179 684 376 962
2 330 286 682 732
1 982 401 1260
2 629 311 691 387
2 967 177 975 606
1 3 431 723
2 332 383 827 615
2 401 79 866 283
2 449 374 979 792
1 345 382 715
1 28 130 1547
1 277 370 508
2 263 730 479 859
2 961 328 986 885
2 253 201 422 724
1 769 699 1863
2 370 855 781 932
1 283 623 901
1 754 142 136
2 639 908 994 978
1 987 115 217
2 439 160 627 448
1 473 190 112
2 934 989 978 1000
2 107 228 873 901
1 270 461 1452
1 91 106 322
1 504 2 1999
2 723 986 995 987
2 116 583 681 801
2 653 7 968 34
2 382 392 603 792
2 833 799 983 801
2 853 108 981 135
2 260 674 516 975
2 564 701 726 749
2 379 889 933 991
1 557 239 1944
1 856 899 1207
1 595 186 740
2 722 643 994 785
2 740 163 851 730
1 56 262 647
1 533 976 611
1 365 654 1403
2 538 477 831 940
2 524 794 838 839
2 180 190 921 469
1 228 847 872
2 19 664 368 814
1 703 613 1286
1 826 229 265
1 67 606 1642
1 641 292 77
1 179 860 810
2 122 691 422 769
2 181 526 863 634
2 901 950 903 952
2 230 765 289 989
1 363 834 417
2 451 459 544 863
2 549 83 851 549
2 836 202 891 285
1 145 493 1706
1 790 948 1568
1 232 870 665
1 172 723 1303
1 684 749 1426
1 866 599 1417
2 580 111 655 314
2 840 163 983 573
1 871 583 1882
2 285 365 967 958
1 442 274 66
1 894 963 807
1 476 235 667
2 137 817 724 897
1 591 177 1714
2 800 860 924 881
2 14 147 591 503
1 834 308 820
2 481 315 516 842
1 593 923 488
2 158 740 809 960
2 959 902 962 907
1 658 546 475
1 75 241 712
1 192 2 1991
1 237 485 306
2 301 887 809 973
1 271 535 1522
1 419 552 1345
2 252 973 425 1000
2 444 92 895 641
2 765 458 939 512
1 850 323 643
1 376 745 1156
1 719 108 1803
2 507 362 985 817
2 646 850 839 853
1 515 502 197
2 499 945 967 961
1 926 318 683
1 664 260 1563
2 994 40 1000 241
1 682 489 1635
2 337 190 613 451
2 221 194 836 656
2 604 127 736 204
2 863 738 997 881
1 552 267 659
1 779 625 223
2 284 34 447 900
1 628 309 709
1 308 487 725
2 776 669 992 772
2 418 286 473 593
2 993 628 995 871
1 95 442 1815
1 151 828 977
1 584 920 395
2 200 310 549 716
2 53 150 686 168
1 785 42 223
1 920 794 1177
2 324 933 797 951
1 632 205 535
1 771 713 1707
1 529 128 1155
1 579 584 163
2 89 69 292 700
1 656 623 969
1 966 144 661
2 506 688 706 975
1 882 234 71
1 379 744 1060
2 68 335 894 345
1 711 193 1030
1 777 619 473
2 309 987 623 994
1 607 330 549
1 513 416 1735
2 60 309 836 852
2 364 871 522 989
2 888 767 890 806
2 514 487 952 560
2 963 753 976 856
1 955 758 765
2 437 253 710 974
1 958 45 1711
1 222 830 714
1 814 959 1017
1 541 404 1946
2 133 673 254 910
1 50 823 1950
1 39 100 908
2 76 555 501 988
2 102 2 476 756
1 25 660 39
2 789 728 883 906
1 509 290 203
1 973 230 1155
1 693 54 1288
1 620 358 692
1 129 649 1428
1 420 217 1963
2 354 182 598 501
1 34 455 1413
2 77 659 247 683
1 62 655 274
1 857 289 1253
1 784 467 1007
2 728 273 883 604
1 117 809 382
2 222 68 974 323
2 332 130 604 258
1 679 801 909
1 527 503 23
2 617 357 979 812
2 147 831 450 838
2 695 847 759 985
1 502 116 1499
1 83 896 1587
1 94 516 187
1 273 745 865
2 467 874 523 905
2 599 236 885 776
2 879 798 970 931
2 873 708 994 797
1 652 945 395
2 324 27 815 756
2 991 919 992 929
1 35 909 1751
1 188 936 317
2 360 251 377 859
2 444 24 903 38
2 998 427 1000 474
2 454 214 932 847
1 587 839 1477
2 12 791 463 941
1 722 25 1606
2 269 235 914 640
1 153 377 894
1 227 919 946
2 886 307 919 372
2 175 658 733 871
1 216 676 1067
1 488 322 160
2 196 300 725 495
1 813 95 1722
1 698 426 1812
1 424 914 1139
2 760 239 933 625
2 539 829 590 965
2 986 491 986 732
2 607 649 982 711
1 27 986 1675
2 68 667 362 781
1 468 934 1728
1 225 117 1759
2 451 845 652 876
1 602 902 29
1 635 966 619
1 117 5 1879
2 61 380 148 492
1 40 538 862
1 119 134 1823
2 877 771 993 917
2 640 566 864 982
1 159 62 129
2 630 59 685 959
2 976 603 1000 979
2 311 107 811 292
1 607 289 315
1 307 584 853
2 930 299 991 366
1 730 334 439
1 893 760 75
2 210 252 278 434
1 645 313 189
2 335 341 501 587
2 757 782 763 870
2 176 390 201 868
2 752 14 891 272
2 414 995 974 997
2 899 401 948 916
1 631 445 901
2 949 449 968 640
1 856 809 195
1 312 866 360
1 602 236 1533
2 635 795 639 950
1 662 203 1047
1 533 867 129
1 606 226 82
1 408 440 19
2 113 529 821 895
2 883 293 992 498
2 236 226 512 410
2 935 908 955 910
2 495 5 987 100
1 767 376 1129
1 804 413 1565
1 193 637 524
2 197 790 810 958
2 174 833 856 990
2 269 507 716 627
2 387 273 968 404
2 868 783 977 996
1 241 173 1641
2 800 376 888 998
2 280 129 555 293
2 226 256 613 796
1 101 996 1637
1 447 9 759
1 425 416 1905
2 74 831 643 963
2 374 409 698 756
1 534 10 1045
1 927 503 1890
1 850 388 116
1 337 505 944
1 905 845 53
2 448 384 670 674
2 637 553 920 761
2 409 821 518 911
2 75 719 153 803
2 711 741 858 741
1 499 356 1369
2 204 393 780 962
1 683 99 1075
2 47 925 511 992
1 176 970 218
1 466 670 1904
1 635 162 287
2 43 294 892 904
1 667 342 1876
2 832 938 904 980
2 331 398 769 879
1 119 863 1257
2 981 318 986 624
1 637 90 554
1 748 288 979
1 329 218 1147
1 744 59 1013
1 400 389 1566
1 441 772 88
2 115 867 709 948
2 733 848 922 998
1 38 950 652
2 954 830 989 914
2 585 415 730 886
1 50 539 733
2 760 692 784 875
1 432 337 580
1 341 811 1696
1 929 971 1240
2 970 379 980 383
2 972 795 993 836
1 154 303 235
1 582 458 578
2 318 423 364 664
2 755 869 841 906
1 544 857 1720
1 154 494 1492
2 178 985 245 986
1 485 287 1597
1 842 3 471
2 83 227 533 441
1 241 133 836
2 836 802 952 993
1 553 900 1499
1 678 326 25
2 981 910 983 984
2 829 960 903 970
2 31 182 474 932
1 145 684 748
1 843 155 1085
2 608 654 852 813
1 460 496 196
2 826 628 954 726
2 128 435 876 718
2 737 264 917 840
2 540 488 646 624
1 43 243 934
1 563 534 593
1 338 218 105
1 504 367 271
1 727 235 1962
2 364 566 761 651
1 358 754 1387
2 892 43 898 428
2 551 199 931 892
1 103 465 619
1 734 335 750
1 674 903 1584
2 674 6 913 656
1 764 181 1591
1 816 908 1542
2 788 342 956 761
1 320 231 1636
1 355 860 1782
1 385 702 78
1 670 943 1951
1 845 571 1293
1 824 690 1236
2 204 880 283 929
2 475 692 951 973
2 500 847 718 984
1 593 96 1115
1 262 821 773
2 974 789 989 885
1 877 5 813
2 292 338 838 868
2 894 603 988 805
2 39 734 815 885
1 604 156 1997
2 77 965 152 995
1 171 260 27
2 998 990 999 997
2 852 226 935 687
2 671 465 761 621
1 974 260 1934
1 473 51 1841
2 542 94 773 218
1 496 481 996
1 673 606 1091
1 652 942 557
2 570 55 632 357
2 168 395 353 841
1 111 694 1486
2 316 905 373 939
1 702 250 1932
2 926 760 980 861
2 797 16 905 93
2 861 337 997 994
1 405 367 348
2 932 229 945 507
1 119 43 316
2 413 603 948 652
1 409 946 152
1 317 833 1965
1 554 419 406
1 825 755 777
1 918 738 344
2 33 863 711 865
1 26 809 1807
2 787 991 899 994
2 627 261 797 622
2 914 110 999 907
1 706 948 129
2 143 72 425 890
2 867 123 966 936
1 913 492 158
1 547 526 6
1 418 678 998
1 15 736 1151
1 768 869 1444
2 178 634 811 980
1 194 140 203
1 406 411 1268
1 772 9 1873
1 398 953 355
1 85 526 220
1 949 245 68
2 674 1 776 359
2 319 710 710 887
1 551 872 1517
2 561 887 784 916
1 917 75 767
2 771 697 859 757
1 328 96 773
2 639 480 666 916
2 837 302 955 766
1 711 242 1831
1 546 676 135
1 623 108 1956
2 12 341 679 940
1 290 426 1472
2 602 155 767 996
1 808 771 1695
1 99 423 834
2 938 572 1000 971
2 350 139 984 656
2 538 170 724 1000
2 594 338 787 830
1 238 844 1785
1 835 367 644
1 652 578 961
1 208 623 211
1 816 969 852
2 707 443 907 677
1 553 334 106
2 103 663 985 842
1 77 153 1086
1 636 69 1853
2 484 347 605 846
2 508 665 570 980
1 10 989 355
1 198 250 558
1 852 590 1524
2 490 760 657 936
1 398 430 1262
2 678 915 789 983
1 303 64 117
1 993 402 612
2 630 583 905 849
1 900 439 66
2 798 635 994 837
2 540 183 548 297
2 422 118 560 844
1 872 365 973
2 931 706 933 724
2 99 1000 442 1000
2 808 764 973 1000
2 909 682 976 741
2 540 111 907 564
2 436 15 934 602
1 728 978 1092
1 174 734 696
2 233 645 548 760
1 674 680 1084
1 794 380 1117
2 480 823 812 969
2 271 38 595 638
1 851 503 211
1 878 989 1580
2 701 256 754 594
1 829 461 1472
2 635 513 933 592
1 639 772 975
1 606 317 172
1 917 560 341
2 362 119 828 767
2 542 875 791 993
1 974 889 86
1 458 633 1579
1 270 910 421
1 486 786 1326
1 231 347 191
1 648 213 1552
1 204 97 1858
2 957 85 984 929
1 851 571 1291
1 559 486 1447
1 283 802 1008
2 413 203 476 306
1 706 886 101
2 115 353 134 453
2 294 898 742 954
2 607 316 752 943
1 548 180 1033
2 480 982 582 999
1 3 286 1890
2 38 412 161 451
1 415 196 566
2 289 211 863 587
2 972 963 979 973
1 200 819 436
1 222 833 279
2 502 479 765 967
1 59 887 875
2 325 994 489 999
2 162 967 529 995
1 690 480 1883
2 487 43 903 416
1 4 756 1475
2 365 600 896 784
1 241 551 1972
2 954 100 986 917
1 506 960 1110
2 27 568 182 773
1 648 534 1657
1 530 403 517
1 274 509 1780
1 41 389 1657
1 767 904 1462
1 145 553 1879
1 539 682 1808
1 823 510 275
1 391 521 487
2 255 769 845 851
1 918 653 370
1 241 441 1764
2 777 496 960 741
1 30 599 1778
1 889 566 1543
2 655 551 717 600
1 541 863 768
1 831 131 345
2 375 690 517 842
1 34 941 1920
1 626 690 1120
2 845 313 943 740
1 916 416 1279
1 763 712 394
2 144 459 703 538
1 242 879 153
2 661 750 946 772
2 691 833 988 893
1 395 125 877
1 71 633 1542
1 292 891 268
2 838 647 982 986
1 842 767 539
1 363 65 365
1 959 634 66
2 875 277 993 553
2 806 270 958 547
1 184 665 1867
1 352 550 647
1 36 68 217
2 363 550 686 952
2 726 238 914 249
2 630 432 773 903
2 248 667 404 728
1 282 660 713
1 611 64 1984
1 612 310 1680
1 247 851 1287
1 107 186 959
2 656 69 890 426
2 260 151 703 970
2 902 39 970 998
2 221 279 437 378
2 630 472 772 834
1 580 777 106
1 216 76 602
2 317 625 351 969
2 872 716 974 954
2 713 777 898 893
1 500 532 105
2 939 897 990 963
2 290 390 358 754
1 164 710 965
1 633 332 1022
2 294 726 574 949
2 992 813 997 818
1 236 254 666
1 891 258 1200
2 410 709 990 890
2 704 263 917 729
1 990 827 58
2 978 144 993 328
1 621 106 1990
2 696 101 879 388
1 806 483 1021
1 749 204 1933
2 369 467 478 681
2 256 438 437 926
1 107 466 129
1 140 174 1352
2 105 386 664 788
2 62 507 706 626
2 356 784 450 848
2 639 528 658 591
1 35 299 263
2 633 941 717 968
1 829 215 888
2 439 286 980 700
2 91 426 357 812
2 632 638 787 862
1 413 4 550
1 916 852 552
2 596 495 699 832
1 360 327 298
2 413 132 926 189
1 86 121 380
1 581 269 509
1 692 780 982
1 737 301 762
1 40 430 805
1 476 28 77
1 591 337 1127
2 237 405 641 553
2 632 879 867 963
1 535 551 1596
1 682 447 73
2 28 958 580 979
1 332 647 1699
1 479 417 741
2 57 47 646 584
2 549 310 906 678
1 245 596 390
2 575 121 820 536
1 18 848 1555
1 382 14 898
2 103 10 383 639
2 157 828 990 917
1 129 692 151
1 319 431 1579
2 42 811 492 839
2 61 45 401 575
1 167 345 1813
2 918 73 956 751
1 116 570 288
1 964 271 642
2 615 253 650 564
2 344 553 865 918
2 952 268 978 442
2 797 563 996 612
1 838 770 533
1 805 778 1129
1 444 792 511
1 636 535 730
1 434 355 1120
1 751 894 105
1 264 603 1173
2 358 18 831 408
2 566 832 693 920
1 244 320 476
2 979 398 992 953
2 909 310 955 337
1 758 435 936
2 222 700 337 866
1 613 733 921
1 3 448 512
1 887 450 1116
2 467 679 562 784
1 631 917 922
2 275 327 365 777
1 570 607 307
2 751 508 783 818
1 324 674 1262
1 444 236 275
1 16 397 1571
2 533 266 917 606
2 361 159 682 780
2 195 826 397 924
2 930 550 967 932
1 269 673 1714
1 325 411 582
2 213 185 382 617
1 35 255 1195
1 912 996 889
1 575 887 1543
2 286 184 397 986
2 109 268 923 268
1 12 232 52
1 20 176 328
1 463 261 648
1 530 342 1123
1 547 494 1524
1 215 693 114
2 968 28 987 523
1 726 185 105
2 101 919 248 980
1 58 139 287
1 88 408 1588
1 315 387 784
1 423 881 1348
2 132 639 640 909
1 709 393 231
2 510 584 607 784
2 768 701 848 861
1 605 997 1884
1 9 776 1197
2 959 559 962 818
2 445 539 604 600
1 818 72 788
1 248 225 30
2 788 295 794 357
1 210 243 1829
2 893 780 974 843
2 216 877 254 960
2 357 956 446 986
2 759 718 917 820
1 113 434 1594
2 221 414 977 973
1 182 697 321
1 912 16 214
1 936 138 370
1 764 444 887
1 665 416 1478
1 806 59 684
1 487 916 462
1 117 319 824
2 276 64 656 926
1 123 53 565
1 755 525 164
2 554 823 813 996
1 860 373 1451
2 270 232 636 765
1 900 291 63
2 152 526 871 569
2 459 155 985 791
1 499 702 1918
1 198 506 1203
1 81 899 662
2 86 270 284 690
2 843 780 990 899
2 23 685 139 823
2 323 920 375 935
2 257 198 925 816
2 8 94 230 393
1 405 363 1612
2 724 996 904 999
2 461 64 587 765
1 606 34 1909
1 890 954 448
2 36 180 326 279
2 354 726 358 829
1 139 575 123
1 425 946 1102
1 564 624 1128
2 658 46 926 971
1 820 344 639
1 552 429 1225
2 643 989 650 996
2 802 68 993 944
1 912 453 657
2 457 397 522 787
2 533 528 820 622
1 431 532 886
2 892 220 957 662
2 29 9 823 254
1 350 673 182
2 382 889 805 934
1 174 340 954
2 914 15 997 228
1 706 436 1702
1 278 473 1079
2 192 563 936 925
1 369 64 1034
1 725 178 1971
1 341 423 103
2 475 952 576 954
1 883 74 1751
1 816 810 22
2 776 265 878 889
2 941 981 960 994
2 689 712 764 849
1 470 150 705
2 438 805 827 896
1 337 871 196
1 747 687 1188
2 311 561 423 613
2 64 889 670 893
2 990 131 999 173
1 960 791 1579
1 949 346 1951
1 193 356 766
1 705 272 1735
2 410 533 819 806
2 497 952 909 999
1 113 600 463
1 120 895 484
2 333 384 662 789
1 698 511 211
2 122 948 235 964
2 982 625 997 686
2 588 381 687 833
1 539 999 619
1 984 60 1530
2 192 837 622 958
1 429 209 1582
1 331 477 1934
1 362 48 1716
2 682 474 797 929
2 108 754 364 969
1 857 151 938
2 475 387 625 670
1 361 876 1886
2 146 165 692 251
1 208 696 1341
2 360 562 797 843
2 450 503 510 885
1 310 662 1530
1 247 230 660
2 528 383 616 796
1 98 488 1940
1 945 517 829
1 830 721 1280
1 774 909 520
1 382 731 919
1 20 981 1159
1 577 446 1552
2 974 430 975 988
1 692 490 1823
1 879 9 628
1 190 853 1388
3