50 1000 38
2 1 358
3 1 322
4 1 1670
5 2 550
6 4 690
7 1 1112
8 5 364
9 1 1998
10 1 1850
11 3 648
12 5 1800
13 2 1978
14 11 1588
15 3 4
16 1 646
17 8 110
18 16 1572
19 11 1048
20 5 1052
21 5 554
22 17 1536
23 21 262
24 6 1016
25 6 696
26 22 1292
27 4 332
28 19 46
29 5 1124
30 27 1872
31 15 1740
32 4 700
33 30 102
34 15 238
35 27 1026
36 29 1240
37 31 1470
38 21 30
39 24 478
40 33 1404
41 24 1954
42 5 514
43 38 1390
44 28 674
45 20 1604
46 36 178
47 14 1670
48 11 1668
49 46 1192
50 33 1138
36 8 1328
10 27 832
25 35 506
43 9 918
11 27 880
31 40 1074
3 7 258
14 36 1426
2 4 496
22 40 1352
29 13 1570
41 48 204
25 7 1070
46 1 1210
2 45 1218
38 1 502
32 7 1960
41 45 1338
45 50 30
35 23 412
39 33 1930
1 12 1682
34 38 1750
30 46 284
39 49 518
35 24 44
39 20 1956
19 45 1216
1 22 1144
27 10 820
18 39 544
6 44 674
21 28 594
37 18 1452
25 18 1450
41 45 1800
19 28 1684
18 42 404
43 18 1826
34 12 602
48 29 1086
19 47 960
48 5 1878
6 19 1086
21 29 1824
32 41 1466
49 36 1164
43 38 1972
38 25 830
48 32 1674
28 1 1754
14 42 1808
31 35 890
7 50 892
8 38 1908
22 27 1764
44 19 22
47 25 1934
47 17 516
28 11 668
12 29 260
36 43 676
27 3 438
1 25 182
7 4 1130
36 13 924
27 8 336
39 14 1102
41 3 892
34 26 1218
46 2 392
47 38 1934
32 7 1772
32 33 122
6 18 124
31 47 1968
31 48 98
5 25 52
38 49 1370
30 28 1834
2 40 946
24 14 1896
21 45 1112
44 12 242
41 38 1286
38 38 1978
38 4 464
37 44 1856
38 30 286
4 45 124
43 38 158
36 23 864
35 26 1752
22 42 178
43 32 422
20 20 1720
31 4 1606
8 34 1780
50 17 1408
31 32 888
45 19 1414
28 37 1804
17 27 964
5 38 1276
20 34 684
2 45 1942
45 43 1224
7 50 1858
20 37 676
31 14 1796
14 8 1322
35 3 1926
22 1 580
32 4 692
31 40 838
35 44 210
37 4 1708
29 7 1004
20 36 1144
49 41 1068
48 34 272
15 6 1106
2 11 742
13 47 14
37 26 1314
3 17 1776
39 8 1008
19 44 1018
19 50 826
7 13 864
15 25 1576
25 21 1158
4 50 1204
40 40 2
25 7 1992
40 27 726
17 47 1148
13 40 1236
20 45 902
35 2 1702
40 50 1236
12 50 1692
40 7 1162
20 50 1402
39 49 130
2 8 606
24 45 1092
24 39 284
50 34 252
20 18 1586
47 8 656
11 2 1548
40 17 140
35 40 162
29 8 1864
39 15 1332
26 45 1540
16 23 1934
49 45 1830
2 41 42
6 1 1856
11 33 418
23 31 104
20 45 458
46 22 500
28 43 1810
25 47 112
45 25 1080
49 31 1086
34 43 820
20 22 170
27 37 378
5 33 1282
37 20 748
8 11 478
26 29 1508
15 9 734
25 19 36
19 47 242
11 4 372
44 29 1448
37 48 570
30 11 1430
40 37 752
4 17 176
8 44 1500
31 30 1480
25 41 1970
18 6 524
35 3 1276
9 34 1028
48 42 1002
37 14 828
15 45 538
23 8 1536
14 43 1730
46 14 1048
19 42 784
50 1 334
41 45 920
38 30 226
34 44 756
50 30 850
7 28 384
15 32 896
29 48 1666
29 22 1972
9 8 1876
40 11 120
34 26 776
15 26 1008
20 41 1530
30 43 720
29 9 824
12 8 1802
14 47 374
4 44 942
17 37 1648
42 43 1748
26 42 1624
20 28 1724
17 9 1048
19 28 332
18 33 808
11 23 1070
18 29 104
16 30 1232
28 7 464
15 41 1488
46 28 632
1 33 1396
28 25 1056
8 3 886
21 16 1574
13 37 44
43 19 1076
50 11 1982
17 5 706
10 41 860
15 13 1770
7 21 750
23 50 1402
45 24 1390
6 41 1210
5 5 386
44 22 1832
18 15 156
19 2 350
14 10 1590
45 45 524
17 49 1178
6 42 1928
25 5 1490
11 13 1588
28 7 448
31 31 612
15 45 180
37 48 1994
34 7 1832
18 42 1616
5 21 1818
43 12 156
44 34 1934
50 40 1012
30 47 1516
6 46 1050
29 5 1676
32 31 362
23 26 874
13 47 1816
8 14 406
37 28 696
20 6 1680
3 30 1418
40 45 668
19 48 808
11 8 736
50 31 172
19 50 1532
6 34 1320
29 29 1398
14 16 372
41 37 638
11 43 1522
9 1 1680
31 34 322
36 47 732
36 18 1806
35 30 1280
43 14 1874
40 18 1256
10 23 1622
44 11 1078
13 46 780
10 40 1712
12 42 546
24 10 370
35 21 1888
13 10 944
31 27 1618
46 46 1878
37 40 1430
48 29 1458
29 10 1932
20 7 242
39 37 1720
29 19 938
37 20 1794
26 16 954
37 42 1652
8 34 410
37 47 166
50 37 1918
13 29 820
47 20 1662
29 49 514
13 47 1510
46 26 830
40 2 452
10 23 1560
6 41 1762
28 6 192
49 31 1312
15 14 1922
14 50 134
47 6 1480
12 18 536
48 23 1658
41 16 1226
11 46 646
18 38 328
27 41 1688
13 34 656
42 3 1212
33 37 1840
24 21 1464
25 12 1886
49 6 916
43 22 1576
15 17 1578
22 50 190
14 25 1022
39 11 390
50 39 470
41 7 832
34 41 1358
2 40 1210
25 42 492
23 47 162
45 38 1784
19 3 1062
24 32 208
42 31 1144
36 50 1396
2 30 944
35 11 1888
9 16 1354
37 29 462
49 26 260
36 47 590
19 37 130
19 36 1744
9 19 660
34 49 432
15 31 378
19 2 378
2 2 498
34 34 584
10 36 666
3 4 1148
26 12 310
38 9 572
29 27 1420
9 20 734
49 3 512
31 8 1128
1 28 1484
44 50 1794
22 33 914
31 42 46
15 37 646
36 3 948
19 43 994
11 18 326
45 34 146
32 5 718
14 24 58
36 40 980
42 26 928
34 37 880
30 36 1720
1 4 1820
7 47 1260
33 28 1450
16 31 980
11 1 1178
50 39 34
43 40 1694
8 29 1348
29 12 688
39 24 1968
43 16 1810
21 20 1542
1 22 670
14 25 1126
37 14 320
6 32 10
23 50 204
22 13 416
24 43 862
4 14 1830
17 29 1240
23 9 544
32 38 1166
18 11 1654
32 31 1804
41 31 1154
49 30 1246
26 37 762
25 9 1518
21 28 554
1 47 654
50 29 866
42 25 68
21 10 1990
44 19 1894
39 24 216
30 3 722
36 40 586
12 29 698
4 40 968
26 23 480
18 12 710
11 24 150
5 21 628
42 6 1690
3 3 684
33 6 1478
31 25 1552
20 48 1540
20 40 1838
44 47 1158
42 9 1688
20 3 1148
3 26 194
29 8 986
42 6 182
27 11 160
16 9 1752
41 49 1458
31 15 450
26 47 362
39 45 360
42 14 1720
36 35 1698
24 46 1222
27 10 1364
50 42 1060
38 49 576
37 4 1340
33 23 1426
24 16 1872
40 45 1840
3 11 436
9 37 536
6 11 1880
35 8 1604
47 21 1076
30 24 1900
1 1 1456
24 26 1396
20 43 1680
17 13 548
9 17 518
35 24 100
49 42 312
37 18 506
14 41 36
49 21 80
12 38 226
26 7 114
15 33 156
3 23 404
1 7 1388
36 32 760
29 1 638
30 39 728
3 46 484
22 47 544
34 13 786
43 31 14
45 41 1382
12 31 376
1 49 1388
49 3 632
17 42 208
16 6 1222
27 6 1958
2 45 850
14 48 58
19 40 1480
18 31 588
19 17 1848
39 33 1404
27 1 1156
13 8 1248
27 5 1964
34 13 750
47 4 218
40 18 428
50 31 1972
32 50 4
5 15 1618
14 38 1532
33 15 572
47 15 1938
39 33 282
7 45 128
39 29 516
49 43 1292
17 11 974
47 41 772
13 28 1294
40 28 66
11 7 622
13 24 510
14 36 1924
4 44 1684
50 13 818
25 38 740
13 12 34
15 7 556
2 37 94
41 45 910
28 33 1720
35 25 1740
39 11 1326
35 26 1972
11 13 1920
21 22 1946
28 21 32
47 31 582
48 35 66
47 8 804
25 13 1910
34 19 98
42 10 334
16 8 1294
34 13 1744
19 28 1388
20 13 1206
10 14 720
28 44 1614
30 25 1638
10 20 1538
40 50 1614
34 47 850
20 1 1130
50 8 944
40 28 524
10 21 428
11 36 430
23 14 96
21 31 1820
33 4 1776
36 8 466
20 31 488
43 31 1486
45 38 992
22 5 240
46 5 498
45 2 400
16 42 1550
30 27 1392
18 44 1546
39 14 1106
14 50 160
10 28 1294
35 2 1272
27 8 1278
12 37 394
50 27 388
44 16 1454
42 41 222
28 22 766
37 24 1722
41 2 1612
5 17 330
18 21 1110
2 38 220
4 43 1440
34 36 1100
8 31 1426
7 11 166
36 20 1872
30 5 1176
42 20 62
38 33 1002
39 17 1990
46 3 1076
32 24 682
28 32 856
40 32 1966
14 42 1616
23 29 804
4 48 1912
14 50 718
5 45 1168
47 9 1344
41 50 878
33 33 1322
8 15 1650
23 23 982
32 42 1112
50 22 1500
3 14 1814
15 29 256
18 15 896
46 30 1192
8 31 1384
27 31 1416
5 12 1382
38 46 1202
38 14 482
9 27 246
11 24 332
5 11 1328
32 7 1888
49 46 1846
48 35 278
47 3 1792
1 6 1786
43 23 126
6 9 1080
32 35 344
46 20 1030
15 28 720
49 17 752
23 19 858
3 17 1484
48 46 1956
19 20 932
37 20 162
47 3 714
6 14 86
24 34 1704
41 11 1024
37 50 1432
43 14 1716
37 7 744
17 22 1706
16 32 948
1 33 682
33 31 840
29 16 532
34 47 1056
17 2 1590
37 33 240
48 26 1392
31 7 694
32 46 920
40 23 1286
42 18 1370
30 20 534
10 5 716
49 17 1426
12 41 1534
41 42 1558
34 39 1732
21 27 216
32 16 832
20 5 182
37 36 1836
35 37 928
50 45 292
45 34 1176
11 17 1784
15 31 324
20 40 1900
38 35 1110
8 18 1832
26 9 1312
23 40 464
9 3 1282
16 39 1180
41 34 370
39 15 1322
11 49 372
32 10 1828
6 43 1520
17 18 1664
44 28 872
42 26 1046
25 8 1496
29 18 386
49 22 1538
43 38 1042
35 41 870
3 48 718
40 49 192
44 16 558
10 15 158
24 15 1552
36 7 1774
22 38 1884
1 50 1266
5 48 558
34 12 1818
25 10 1518
49 10 362
22 29 508
28 16 654
30 12 28
41 27 1436
39 39 520
27 16 1042
10 11 1756
36 11 1908
29 29 1042
41 21 1758
24 36 1920
39 31 270
27 2 1632
29 4 102
35 24 1952
16 18 542
39 1 872
17 46 1266
36 2 1826
27 26 708
9 6 828
32 11 320
21 47 960
40 6 1062
18 18 444
43 11 406
21 34 190
50 40 58
19 16 16
2 2 1362
26 28 696
43 46 1228
46 22 676
23 11 1650
49 8 1858
41 32 872
49 6 214
6 34 354
8 15 1546
45 17 12
21 43 604
4 38 1246
37 9 1560
43 16 762
13 1 528
8 24 1682
46 46 1188
27 44 216
9 10 1052
8 31 1812
47 7 524
10 39 556
29 1 1606
33 17 810
41 28 1592
25 34 492
30 22 48
12 13 1532
40 7 520
15 20 952
40 46 74
18 18 460
17 19 1620
29 49 26
42 48 880
1 33 846
19 36 1610
35 48 630
39 3 232
5 11 354
43 5 122
50 38 332
24 1 1576
27 16 1574
43 31 1644
14 39 804
36 38 400
30 36 234
32 40 276
12 43 1862
16 5 126
18 25 120
4 1 1182
4 39 492
36 38 684
5 37 1068
46 33 8
31 4 178
41 5 352
25 18 242
27 28 1828
18 4 1770
15 32 956
13 6 1852
27 42 1492
12 24 340
25 8 116
34 14 774
14 13 1698
4 27 1716
10 22 1006
21 44 1186
9 34 550
1 10 68
11 43 38
30 46 1860
49 9 1198
50 1 1452
13 25 112
38 13 1998
38 36 702
26 38 1448
48 16 414
44 48 1840
45 22 584
49 25 310
29 29 830
34 8 1976
11 50 192
44 18 1400
31 50 1530
8 18 932
5 19 1208
2 35 338
7 26 1096
27 14 210
37 2 1478
17 9 522
10 2 956
37 30 202
15 26 1740
32 22 1926
30 49 1784
20 47 932
1 31 804
3 36 116
37 36 1046
12 8 250
23 15 1374
2 21 690
38 8 736
42 49 78
35 36 244
12 36 30
43 8 140
26 28 1786
47 5 108
24 21 266
23 1 236
37 46 348
38 44 1022
18 44 1598
34 43 1660
16 30 248
50 43 480
9 6 1264
27 46 810
32 18 1674
22 29 1644
2 29 1402
40 4 956
7 29 1062
10 13 1944
37 36 904
30 31 630
50 34 1750
27 39 670
45 30 924
39 10 776
19 9 1268
38 12 58
25 36 1284
39 23 768
4 12 1196
19 44 790
15 38 1286
6 37 1258
47 37 86
26 27 938
40 20 472
35 5 838
30 37 1544
5 38 1348
13 13 1300
23 40 1946
33 15 1992
16 24 1596
38 28 548
38 50 164
42 46 1400
50 1 20
15 36 1974
30 38 1250
34 35 606
46 3 786
12 1 1694
43 43 888
23 17 1128
49 40 986
22 43 636
5 23 990
5 25 614
27 15 340
41 12 468
10 3 1378
7 48 934
9 36 1442
49 1 1522
7 22 1620
37 15 1110
40 31 1312
16 15 894
13 26 1852
13 9 860
26 41 448
5 44 120
47 14 98
19 3 1288
31 17 174
38 8 1580
15 11 40
17 40 12
40 7 2000
23 49 1856
6 16 1022
20 27 784
12 23 880
32 17 1652
14 25 1182
38 40 1708
19 36 1940
12 25 338
2 24 420
3 44 1760
12 8 1898
29 12 722
44 10 690
21 5 1422
15 20 1418
18 9 1202
45 9 1740
