30
2
14232055887001 1234230855681 
505
37 62 64 20 96 30 58 99 30 27 58 16 21 12 35 71 39 50 15 19 88 21 70 83 8 63 97 52 1 68 63 34 51 10 29 83 44 24 33 19 50 68 29 34 87 93 48 95 77 68 50 41 94 98 68 27 13 75 7 31 89 41 61 22 70 32 75 94 22 45 45 37 93 33 43 95 92 75 25 90 47 24 38 40 77 70 28 100 72 99 27 32 41 55 67 99 33 1 15 75 89 70 59 13 31 2 28 19 9 3 90 77 41 95 7 52 10 9 27 44 26 3 82 9 57 35 93 43 21 31 55 48 66 2 55 30 7 95 4 58 66 52 48 64 97 68 17 88 25 84 15 13 91 64 29 52 28 4 39 91 89 16 44 10 92 5 98 57 10 49 95 3 82 87 53 47 20 43 96 94 41 58 33 88 90 73 22 18 67 74 49 31 67 28 55 57 36 8 66 50 64 7 89 16 65 38 10 6 97 64 36 84 71 87 2 69 84 98 83 70 13 57 52 34 56 17 31 56 54 62 53 49 36 62 74 27 84 31 3 73 46 56 93 79 82 24 88 4 80 52 31 74 63 58 90 98 66 13 11 45 25 19 38 82 2 81 34 69 63 18 37 71 99 50 91 99 67 48 77 32 55 58 85 32 69 76 56 33 17 19 69 30 89 56 76 64 76 44 89 46 49 9 26 5 29 58 86 4 77 35 4 79 61 52 31 81 74 71 95 76 96 56 76 20 8 12 45 97 47 43 56 97 83 50 36 3 12 73 67 53 53 54 49 87 57 82 84 97 78 36 25 43 72 51 36 31 67 87 68 99 77 47 17 99 93 77 17 45 35 94 84 79 59 36 11 21 75 41 60 92 7 18 92 10 17 44 85 43 77 77 17 79 38 71 90 33 98 20 67 62 23 2 26 51 50 41 4 65 92 64 7 78 10 97 79 36 10 24 59 75 4 71 48 64 74 7 17 45 10 73 97 76 43 87 10 2 71 89 91 54 20 100 5 6 26 14 93 98 3 85 26 53 72 88 97 100 36 92 84 55 30 24 2 57 4 87 87 11 93 97 84 14 14 8 2 65 85 4 20 33 61 70 18 31 98 41 84 21 48 9 65 21 18 19 28 66 85 13 4 53 77 40 43 19 39 
20
279556281901 4560551694713 3050975439271 34937367389 7442004525361 3856604484241 10852356491341 2807351574877 938515499701 2253925484065 1098935185285 197560747385 956710267291 8830676359201 2178371344123 4829394389761 2330910987989 3228896641606 2965643223985 976068579201 
12
7 60 69 52 76 43 45 77 42 31 20 28 
10
4797103370401 6962476826449 873858946945 538188626548 2510539794141 1884986127541 10649279427073 4210146348901 3834462220 180263166273 
533
24 50 52 80 72 8 36 86 40 44 70 100 44 40 18 73 67 71 66 64 90 96 59 77 84 44 1 67 72 40 41 46 6 27 29 30 39 13 10 59 15 17 21 70 100 5 64 36 73 39 30 10 64 57 97 65 96 65 71 94 49 66 51 61 77 23 9 61 39 9 49 63 78 11 36 88 52 97 96 80 39 68 49 13 60 41 47 7 71 8 46 78 78 88 31 72 49 52 37 39 77 4 48 6 3 19 29 7 32 87 42 49 99 19 63 11 90 96 25 45 84 64 86 93 15 23 82 69 73 22 16 6 77 17 16 25 71 59 75 29 24 77 75 84 87 43 9 22 90 42 28 46 89 43 48 36 71 66 47 11 71 30 46 56 19 4 67 86 34 39 74 39 63 83 46 23 76 17 50 48 16 5 31 45 100 81 79 16 44 50 82 17 97 64 88 32 98 30 4 94 76 22 59 38 74 58 16 39 73 8 10 40 39 24 86 12 74 75 91 23 84 18 56 13 80 3 65 57 99 3 96 81 56 65 21 8 1 66 91 36 92 73 10 30 56 73 58 14 35 73 25 99 91 83 15 18 48 84 93 41 94 34 33 48 100 79 12 15 8 6 25 55 11 60 96 97 79 68 54 15 11 82 80 66 59 36 50 84 1 30 53 71 7 44 78 93 2 37 81 6 42 23 46 26 51 40 47 75 44 66 94 47 34 71 84 98 63 6 94 63 75 62 47 19 14 92 7 14 63 31 71 8 41 32 28 87 96 78 64 75 35 67 42 74 3 27 30 46 98 97 97 7 9 88 14 5 10 15 73 5 19 12 54 71 59 26 93 36 74 25 81 93 27 42 11 24 23 63 1 81 13 20 50 32 12 3 15 33 49 21 43 32 73 57 27 54 73 68 37 43 8 58 25 5 13 68 20 93 