27 190398950 8411
19674 15442 14347 30256 14530 1849 29122 9997 1130 8394 27056 17048 13318 26238 2371 18202 23822 9977 30551 18317 28644 21798 20221 22354 17592 29065 13179 
24098 28585 7633 26004 26695 8236 3757 15881 18188 4018 20449 12639 5490 17285 3737 16611 29988 9715 24061 31980 6061 15023 10757 31840 26601 29300 19599 
28025 26553 25067 30895 9161 5627 24527 28742 18300 28858 20047 14294 2526 26529 5044 15508 797 21174 1603 8383 7503 16709 20325 8753 12470 13593 2565 
20276 13635 7666 8250 32150 11610 10548 11302 14336 11733 14813 24606 5507 10059 7353 14858 12148 21650 19673 1551 10618 29314 23617 29804 32741 9468 21729 
18082 4161 11563 9671 22488 4139 21770 28818 1149 26212 13351 19242 13615 6692 12710 18862 4316 19633 26504 25774 6695 28975 19246 3995 15373 14010 16152 
4987 2504 22706 29171 481 13811 18774 11987 21533 1264 27285 701 2736 16007 18720 23400 24835 25295 3524 836 26968 9810 6391 7868 9472 31084 31921 
3768 27854 7924 18557 23655 15821 5662 23503 4667 15918 23456 12952 9781 3716 17940 24600 22882 15156 414 11251 12454 25126 28366 1416 27320 24769 26824 
16766 5998 7703 13986 21919 13371 17756 11277 1770 29174 1181 15672 15843 2012 9134 2545 29998 14297 1893 9230 30300 26627 29957 5387 22789 30055 10749 
26356 30743 9225 7123 13445 20845 20518 29787 1169 932 17596 7724 29856 24106 23373 30036 30428 14231 18655 28747 10030 32321 15431 21798 31652 14090 12711 
20237 21526 24189 7990 30703 11529 24602 24383 10868 31187 6125 31597 12340 27136 4710 15685 8230 7669 32356 10228 347 3795 1427 16203 1516 11678 32504 
16392 29233 32159 12234 11607 1075 11782 3716 22424 28516 30420 15416 16483 16526 15608 10278 32713 15882 16824 4493 3805 6194 24915 23489 7028 32280 9445 
26750 18728 27257 11146 27772 931 15596 11974 29251 17946 29535 9765 32577 31767 6084 19998 3866 24444 13832 5693 22847 30661 28229 14978 5314 7821 30520 
3076 11881 11603 9461 11481 9473 14463 18393 17210 32756 31648 30657 26595 5150 23288 8057 21433 2781 7738 23672 4271 24423 18578 1738 12778 18017 12774 
30029 22308 13229 17756 21024 32590 29315 2332 4953 28281 963 21335 27638 10998 13961 20616 18711 21948 12034 16121 12138 25099 20351 905 3302 28751 14280 
31662 21180 20551 20147 12470 27530 28262 2549 20562 25042 12410 26679 3668 19116 1419 20845 21432 18615 11526 20835 24289 15189 31003 24728 14630 28184 4195 
12112 9613 23671 29382 9957 27862 24006 17820 5470 10940 19813 11026 14146 119 823 10447 5039 20613 12373 25048 24230 26538 29700 10161 21929 14134 15589 
9926 19080 1158 19052 12809 20600 12749 25235 29147 16229 1045 4048 31280 393 2688 31556 3054 24382 2772 14133 1431 15632 5942 3518 18216 23 12598 
10181 3393 3204 7692 8238 1925 4729 20513 22350 11844 7454 2514 6819 7000 6129 7536 29890 27212 15965 28299 14736 25540 10639 6256 8885 30744 28805 
24048 4174 19779 3687 18019 16866 25596 795 3053 7064 6178 25108 16128 19367 93 17258 17186 25613 28931 19248 2289 15492 9784 15106 10596 12466 22874 
16861 18003 3744 17820 32307 21562 18797 24560 26175 12602 17476 17963 2711 11616 18827 10595 26368 26666 605 14236 13701 10055 571 18596 30667 2719 15102 
21052 10911 16787 27920 26488 22481 9606 26588 18281 31301 23964 11907 16121 26695 28609 21713 25109 14367 25326 10351 24594 21221 22183 31322 30537 10647 13257 
7315 19461 16489 23170 26649 9888 1116 29089 24340 23784 7954 15120 16211 27335 15585 4510 6392 32292 31014 29698 15730 31236 25820 16669 6828 13557 23405 
2432 22148 30380 6599 6702 15999 30957 19379 9379 24507 28587 866 10261 23333 23665 20297 32761 18923 12544 25136 15305 17973 1338 389 9221 27664 25662 
11765 4216 26282 29909 14910 29628 24005 269 17470 16384 22374 8483 17488 2313 25037 3494 9945 1911 6570 23770 9246 24906 24718 12123 19033 23460 22432 
4098 28171 22992 29329 2828 29843 19844 14034 16505 11520 31843 31492 30131 11044 16070 15024 27248 22761 7100 21048 29913 12777 26192 14093 10476 23864 16394 
35 3871 6532 9400 21154 11846 12129 25453 1759 27830 24030 10443 6538 3243 30044 32382 15657 18407 5280 25609 8132 20124 15398 25797 14562 11660 11192 
20262 13237 24431 15936 28993 18834 3477 14299 32395 8356 17356 14894 740 736 7044 21245 1748 315 8753 22777 18708 22299 32497 2778 12624 8716 7023 
