200
0
0
0
0
0
0
0
71
73
31
0
144
161
0
135
168
0
0
0
0
0
0
0
49
130
0
0
85
6
158
0
165
194
0
0
119
4
0
25
0
102
33
0
0
0
0
16
118
0
0
9
174
70
196
0
0
0
62
87
0
192
123
0
0
79
199
0
48
38
0
146
0
0
0
198
162
0
0
114
0
0
108
45
59
63
0
0
40
0
0
0
0
0
0
58
95
7
131
0
103
69
0
90
153
64
0
0
0
0
186
106
27
0
0
67
0
0
0
96
187
0
141
183
140
0
10
0
0
94
193
60
0
0
83
0
39
0
0
195
105
200
0
88
184
0
0
0
0
126
0
47
115
0
50
52
0
0
148
151
0
0
0
0
22
143
191
0
14
29
75
0
0
0
0
84
82
68
0
164
42
0
28
0
0
167
0
92
128
166
0
0
0
0
0
0
74
149
0
189
80
0
55
0
0
86
104
72
0
159
0
18
0
0
178
0
112
111
0
147
150
0
0
0
133
169
0
51
91
0
127
0
0
53
156
0
0
1
30
182
0
0
0
0
0
11
12
20
100
0
0
0
188
170
0
124
136
129
0
0
142
57
0
0
113
24
77
0
0
0
2
0
0
0
0
21
23
0
8
132
0
120
5
0
0
139
0
110
0
78
0
172
109
0
54
61
0
0
0
117
173
0
0
0
0
116
101
0
93
138
107
0
0
36
43
15
0
0
0
0
177
0
35
0
0
0
154
175
0
76
66
0
46
160
0
0
65
197
179
0
155
157
0
0
0
0
152
185
13
122
0
0
3
81
34
0
0
0
0
0
0
181
137
171
0
89
0
32
98
0
134
97
0
180
26
0
0
0
0
41
121
190
0
19
56
0
0
17
0
125
0
176
99
0
0
0
163
37
44
145
