1000 482
70848889
593936851
628791841
734049969
905039569
503160001
217902401
73759661
793172225
796043951
45018711
409997199
133349281
934939889
280765841
668496001
269964801
912879401
221771811
318713276
900042283
303435749
741920257
626229377
774330865
324717569
358220217
751230181
121362041
965887201
356970875
803155201
46490769
789542305
707410321
173027905
471006465
383450177
841880957
668555649
350712161
150055745
396130049
181791969
422081281
167079781
183584446
637316081
262545601
492367281
477717601
183378241
788193201
534560501
497055233
205319593
383224001
742712501
474012081
70324725
765081601
722806496
274196016
267450441
95238241
970768001
521011646
487217841
392058881
908730145
528117481
917459201
739929481
13979189
89561989
676625089
49592309
271960241
485752001
805670103
856380546
73217705
22315073
176846481
377738481
646190413
341825531
585430529
374752321
985905246
107846491
732689333
393802401
540835041
965047297
23336241
722954706
284716173
779622601
860513488
360250881
290243001
661367201
763045601
136058369
684189441
502277641
433758721
118143385
202814641
420152776
341062279
447851329
794440529
815043725
278780841
464863729
675428865
275072321
460504801
894699923
829088289
421903893
197571861
749087881
127394811
139235041
569268161
377901451
71038961
851557201
1
90783409
182154509
541433441
92159931
823968913
725548501
719869411
112870001
849103361
915379489
903727833
588539661
31591953
837894951
476798081
163866251
922447873
938218439
531853697
873109231
228272001
80308201
760892001
443643181
680659141
622685761
639906491
462874497
443480001
800328001
541922913
802934251
878105345
689028481
19048641
913151771
236602369
194775017
806089471
878421761
13655901
616064001
982039649
60756609
496683481
321798001
727674401
71364616
633396401
201119769
843904001
250155001
166303669
563333516
23870706
184121941
316192561
163806049
13450521
358833381
366916537
284006495
791331547
812800801
888586100
538935901
316565761
235806591
957882497
818283786
423486821
514245201
428826401
601297987
983655041
550700321
33093121
694196801
552725011
772992201
674231041
441384135
254327641
745169066
468106051
782917741
448222305
651771913
128115961
890338321
469572173
774180001
29616801
377531251
29888001
865271535
682210329
937444183
394679169
657978001
296515733
855901425
275477505
765601601
686332276
374905501
446957451
450880001
200541152
826712401
564040604
102099393
324410081
981815297
268277191
543494745
39510961
320491905
755935761
120331271
324389121
847810977
828406501
840283301
790972297
885426561
938185501
256525001
308190001
8284581
585626001
328006401
401153201
392638026
639218499
673624067
627908481
625019681
273093957
525418201
237476441
191908545
571686865
355203121
256028001
609112577
530194817
105112931
914333601
232725201
680569081
952446233
138884451
371515905
518675457
275806209
763918113
852250881
785753501
368356001
598974593
742966401
200624879
395856897
295600473
156999681
400725361
939328201
562867841
41443425
442074213
249388641
659396513
634574597
286899521
327698681
483078251
178571265
800348161
870139977
646924801
310416209
420779601
71099165
61260001
999524581
367817921
353773201
729833885
909171061
274346641
740482161
606184137
73542289
572945505
809598721
452741921
168042001
56578481
172167851
972985951
25192451
358604251
600404641
135139801
763043781
647022115
442144001
125571244
158154001
138029976
560719529
448734621
798604241
936545793
777226201
800472320
527428993
957366689
394876521
667068881
305347201
532699401
288777401
364129281
779473281
676590825
307675041
294049617
577891521
318875521
465925603
628935551
371923041
190000177
172773705
454923681
503449782
986547601
217777076
85050401
866354753
962274029
540271593
306452545
480653761
440432641
821540825
769542440
828209101
831022001
866463901
423286465
454202545
392290369
956819857
181777150
510057181
139061921
342736233
471008257
920564393
584834561
644661953
266455481
196853361
328207969
562211007
186616001
180670401
512445601
694697329
641363073
665923201
244257145
681716129
764035281
616480353
520500241
753464257
889870268
988327681
838542337
821426529
791112763
305543351
954745601
327050761
8051381
208886759
96368825
523687467
101409105
855186969
74690521
235996801
470093361
81881345
403815281
338131564
199653701
827006141
394929201
293340273
245066121
762298776
751149161
848784641
740439925
197131297
500445457
312583901
990339997
551605451
405661601
989462429
85224661
846988801
445058009
333051236
354483289
127342036
339459737
375152055
486771901
78547297
398329601
738989697
6751177
137868381
905763081
883292673
476433921
73547413
97371841
136532001
129711601
445958657
569950721
887216729
619711737
802486233
753673501
38484271
846743929
132216465
722334472
672944601
3017201
852501713
940339983
536371545
74761161
720564641
236168569
351587001
303456993
833860577
203668051
534525304
57382281
593509977
413989601
498044417
14506401
891136485
737843465
236661953
425203401
954596523
792762881
161328001
888892801
867102721
210905946
772346881
708675846
819145841
239454455
517459089
406974657
293963731
31332001
581173431
77569281
628889601
876110241
308497201
900050561
545244161
855339681
269266529
449986561
442572033
271328851
705514376
300777793
690915001
543296249
983040001
80229601
250125001
991453035
595848897
732770833
869721553
12440881
841106791
75551251
983677601
279405193
314230001
156492501
169751001
962056730
525369129
160242801
270893057
22863521
732211201
581605321
662695969
20425001
437533301
663644001
299745649
291397441
120122531
137701953
710336001
595646327
39491637
441385203
665556401
790223706
527704321
364741987
936285201
353089441
144340001
878420626
22531203
825332737
472897201
897647889
597918342
109606289
678629366
611370817
387148545
928349361
696816489
403626553
975713665
4835329
439453865
675504015
732788351
721464441
484928001
270576309
838133087
22733001
693860001
792503019
451422601
569108481
857355249
560831281
234329509
550424201
23486085
347002991
425871601
963184017
353608121
511159591
217797371
952773121
56069945
945619861
48405681
337873301
887287777
359141665
766216161
872693073
868390433
654807559
133378941
596963201
217615681
112202241
416845777
966060921
255664001
113173121
661292441
302726701
738238001
683337741
949626401
966351001
934308916
106217401
778858201
311614873
220930801
995161206
110389505
35022845
323531401
729469441
208663041
413978433
360968401
399355746
617840001
74607521
710093360
245430881
477862785
230993857
615247365
258071325
270004033
36147251
687922171
235304561
820981337
372144629
110114141
63325393
477397505
520552601
115263096
453264733
894751514
380513217
329009201
211624961
90863617
33989501
166988321
79544637
176550337
867314074
330622701
325828385
608891241
276502705
474267841
354641341
541561601
366370201
576144731
472277382
775574401
676607801
108670401
442819457
546243617
769500001
739948609
921161201
274031483
283253633
594091777
601160157
400743957
258623391
117470721
161181729
569660929
428928001
219090753
645913251
635377541
519537761
337956929
856528751
427108997
941862161
735706945
419460966
788737228
396479089
224778305
639279551
164926001
201323551
962098225
746998305
207563481
616542489
811918433
387829876
644062149
94072621
294402101
246762719
26923345
259472409
483334625
62916269
605779487
998215901
258595001
461720571
345798681
971614971
810724541
292932661
835400881
263761121
611338753
551777601
179865241
87372249
499753921
161125881
714911361
656629401
851758593
256095071
365673029
119038721
91512161
180678145
818289601
42250071
557413001
597478185
565442001
794882081
576912001
886621825
692334721
352843201
87461779
402452481
156960483
477620501
253608001
305000576
281962401
734106921
890121085
327122001
379247877
908457961
30515327
581629741
185728637
845588225
293020225
379994742
923782437
370905021
107843097
814879681
824197501
121781949
345506001
616466127
870537031
554806617
210490001
205571359
858677286
907327101
646938289
686282501
269581137
299170501
720705649
921337521
497075201
978103265
126037301
771333121
131078501
305314209
268466421
241077001
627822663
560147061
845210301
74726511
358588841
699323901
529147331
144395289
896689579
563564883
306160041
67809441
764602951
149509401
806017457
941225601
270280961
863333793
166647731
435078977
200912737
466653001
706115701
102946921
820250619
788576921
564921441
907880833
663248741
988324941
525619001
318988609
49919841
66589185
491025126
746652043
126616549
785109649
443769185
686485802
106539665
177725151
972697961
97375369
53820417
488955345
399059041
794166721
971942401
631359261
171749425
841997001
565176076
293789421
405611521
782393953
450151953
281852749
250169959
279328001
58077601
860677190
479618313
556211749
2022945
807710001
362241040
792951099
406230401
545958321
753932717
294909201
376656761
262238401
784296001
8714137
23260885
827780097
144672001
889861901
251103501
105669445
255410515
621108001
786166301
472405761
929578001
466725565
907131201
420749693
172315681
739023441
309397351
900175651
610343821
589244561
966958717
793959676
464277313
155538137
738797753
992700641
444709101
242821121
696175101
634829001
323832801
936053076
947468976
277532737
901890361
604548321
980188693
197803501
269183537
776329889
406853961
200703541
634003271
657545601
547927681
745715021
743655761
829259121
61288241
785844576
15344505
759133825
908880401
158288082
727894401
759158401
694740001
411848181
914990001
521245681
338337777
230198665
943454465
426575163
163272351
245540359
114801757
509664161
843483713
240783441
511079617
669255351
78611921
647810241
122815121
842264857
544072745
491280141
127949121
842959633
574415501
698004091
90138961
335656101
176340225
60519741
834824505
80832001
952291169
653498051
817575901
187681421
505783041
318924801
247003361
418110888
64751623
908086785
464820001
471874465
185872321
557445501
301356461
989974401
546221313
302968793
808798311
