950 988
456 263
709 112
650 521
717 210
196 816
103 137
717 28
103 751
678 778
625 147
77 678
301 883
611 809
484 735
611 453
768 787
160 359
850 263
330 81
692 425
531 549
438 485
509 178
313 473
412 808
833 932
120 407
740 555
754 219
44 795
108 119
625 704
683 309
676 263
400 85
365 775
440 233
662 749
789 816
264 888
723 598
613 581
931 692
841 456
245 41
210 344
508 620
684 678
555 626
138 490
751 808
555 547
239 398
253 273
569 156
286 620
104 377
42 646
949 592
71 715
527 345
661 348
869 173
95 225
327 472
796 816
294 247
288 685
796 896
812 570
97 129
596 154
674 504
102 630
693 35
788 206
340 304
707 14
292 384
27 145
405 904
627 815
164 125
816 622
534 832
38 898
491 47
656 517
663 595
442 299
654 168
52 249
849 128
290 580
891 703
691 520
214 324
876 287
73 387
440 176
252 816
729 147
619 738
884 826
842 415
527 865
526 915
435 126
1 288
435 349
894 706
585 504
732 108
707 678
583 45
205 211
45 780
714 897
480 245
398 843
910 54
551 745
49 568
902 100
297 159
239 690
852 688
3 927
52 949
715 793
445 313
668 631
304 380
151 908
826 93
26 791
52 1
273 863
595 829
918 167
694 444
937 787
138 267
739 267
655 495
716 296
149 419
129 668
233 476
179 38
321 109
362 224
851 327
816 193
816 877
874 506
471 361
816 356
464 18
124 302
846 38
77 629
286 192
133 283
399 926
372 770
82 201
455 623
749 226
852 887
271 708
936 308
320 592
288 96
9 216
837 209
406 144
365 43
363 499
433 526
839 688
326 156
393 514
415 773
608 484
249 336
57 869
524 683
300 171
351 515
681 34
946 257
38 227
66 422
51 186
304 186
172 171
140 17
927 846
605 795
327 8
65 584
15 221
704 393
403 706
278 678
771 674
387 599
443 604
593 933
484 721
24 816
49 669
475 502
519 689
50 5
350 521
182 816
153 396
312 18
720 804
585 384
743 574
412 914
672 117
901 379
305 717
439 692
510 642
766 446
207 153
376 274
830 344
182 362
759 454
812 816
618 934
22 611
374 84
106 614
307 786
191 8
217 907
529 459
777 708
816 728
342 718
558 732
519 392
318 85
159 438
262 925
713 92
543 390
180 837
611 598
313 574
718 110
33 604
754 25
662 619
611 578
846 774
672 947
593 502
904 242
769 104
123 720
288 618
25 185
850 567
88 708
453 223
114 898
309 274
420 208
702 252
509 530
210 787
376 175
406 44
348 94
323 136
417 45
388 569
271 787
878 454
53 26
73 226
424 333
118 593
677 858
694 19
728 586
872 762
474 456
909 754
526 159
38 436
145 486
86 429
506 932
600 947
870 632
63 816
588 828
299 816
687 627
710 654
516 539
87 754
786 113
323 725
690 548
40 817
150 391
769 8
855 284
680 511
448 373
397 346
609 419
673 492
45 696
231 411
596 353
102 726
617 725
747 238
34 141
211 320
380 360
662 394
908 698
883 453
347 678
169 534
402 355
37 461
533 622
831 740
731 634
467 707
101 498
527 845
195 421
822 168
339 532
577 825
427 78
727 638
937 561
151 196
443 638
232 185
609 63
828 748
755 150
314 237
850 368
816 105
716 752
696 363
49 348
62 521
126 128
372 655
203 55
825 704
335 556
267 788
744 506
946 273
668 762
794 552
176 355
895 707
525 508
488 764
865 788
616 18
651 884
171 175
823 513
619 481
54 314
679 816
802 395
733 743
426 208
263 385
644 808
84 647
552 531
401 305
383 26
295 466
754 444
214 243
376 95
500 506
250 503
627 285
765 253
446 52
11 553
187 770
817 332
370 564
816 403
128 756
647 504
522 740
60 657
707 384
165 917
791 131
198 772
813 599
245 530
189 685
36 413
87 295
733 566
182 49
267 71
364 563
259 726
504 215
608 263
216 29
74 434
300 950
219 115
67 21
168 476
645 54
787 6
321 451
350 790
597 603
590 348
213 68
228 275
545 205
194 472
788 573
188 179
303 503
897 406
224 369
263 699
306 816
456 108
103 296
335 255
924 82
432 123
352 115
534 576
660 657
854 57
837 221
585 400
816 431
476 754
477 611
27 787
476 532
425 52
903 355
464 820
30 261
906 507
160 494
909 606
882 425
556 857
713 71
172 242
443 167
80 879
884 539
171 492
201 130
484 585
96 407
177 235
942 161
233 761
379 688
291 693
657 406
819 769
811 647
378 208
96 782
75 312
1 38
158 590
462 358
905 879
263 37
174 477
395 840
572 833
800 943
244 769
470 633
265 693
1 289
560 506
296 12
625 794
867 608
523 879
949 855
413 931
602 776
885 701
182 214
428 497
666 858
342 533
409 883
10 24
72 270
271 559
797 412
240 616
126 83
678 944
27 264
271 343
823 619
826 175
711 330
13 780
107 737
112 881
483 690
875 800
290 122
406 317
41 575
816 288
468 132
506 421
503 307
895 70
327 510
906 737
315 382
120 916
609 333
597 56
799 368
258 758
781 284
837 479
175 722
887 310
638 334
384 505
311 138
361 214
861 428
635 118
78 395
507 442
462 882
826 630
911 285
358 610
487 797
7 887
43 730
343 816
108 899
589 750
527 125
920 853
272 611
837 640
252 183
220 707
446 45
31 350
47 453
274 116
357 325
893 448
151 365
507 922
546 852
297 816
743 269
638 947
923 256
367 411
856 845
164 814
469 143
134 82
304 44
61 171
106 87
201 809
457 181
386 851
886 582
586 452
381 732
672 459
700 919
16 587
894 71
816 375
889 530
816 137
684 351
891 155
104 873
565 291
876 79
373 146
175 4
601 290
430 750
325 754
468 721
734 949
847 50
429 633
485 144
391 54
327 832
231 816
530 76
498 177
820 767
621 220
816 340
331 341
8 140
233 1
746 585
716 941
597 816
806 493
826 316
695 926
572 816
809 712
361 190
528 837
373 544
507 234
761 834
564 794
91 148
288 557
555 419
382 184
816 916
450 708
761 254
293 798
615 895
248 481
328 789
925 325
266 247
699 792
638 860
212 680
222 421
362 928
270 761
720 670
779 415
425 787
655 935
496 32
804 855
385 376
886 274
358 46
1 824
186 241
791 142
565 414
594 256
637 156
627 707
237 273
766 842
159 281
354 836
801 419
100 170
418 346
17 724
720 535
490 537
923 20
174 665
615 816
151 157
389 602
881 826
816 795
607 126
42 361
585 209
327 602
504 803
553 706
57 556
112 554
536 233
864 5
721 844
532 625
76 707
167 90
59 804
252 542
816 800
192 921
719 815
753 246
491 511
890 470
246 102
290 807
611 920
25 789
742 882
579 322
764 829
447 700
868 457
678 593
917 124
202 348
182 233
710 431
456 827
375 675
688 166
104 222
828 11
882 155
705 894
866 931
586 592
888 449
305 816
947 942
387 948
187 175
279 193
537 256
220 392
711 658
517 949
667 484
98 482
690 639
458 742
148 491
162 506
290 443
623 419
556 555
298 817
282 300
919 276
364 608
652 900
791 319
138 48
236 837
747 723
69 258
456 127
926 321
421 754
489 693
688 446
444 597
128 940
541 170
539 763
945 182
314 408
373 772
633 949
338 460
876 185
806 264
798 71
556 143
875 485
879 561
518 943
170 900
300 375
949 745
556 585
817 321
816 281
919 477
58 542
373 57
816 368
877 118
49 648
99 228
4 24
250 754
315 465
315 139
333 396
121 555
881 230
453 464
221 197
550 86
562 230
51 764
395 643
547 862
182 128
52 556
512 882
500 2
653 723
306 638
268 217
929 627
437 662
356 227
647 277
204 631
208 261
810 912
21 578
52 346
608 217
224 152
837 571
840 354
116 213
896 789
699 441
482 761
125 816
166 868
643 584
936 150
280 618
859 606
641 415
871 186
271 426
252 649
410 453
501 553
133 783
816 838
249 111
54 376
592 23
750 361
613 701
586 463
604 89
382 74
574 25
754 138
96 39
671 886
678 938
791 664
600 163
607 365
591 122
816 33
446 693
132 816
913 532
430 411
736 526
662 622
621 835
568 762
741 759
794 498
555 666
321 659
832 203
894 422
821 544
446 918
337 327
3 331
199 607
604 538
64 800
620 153
848 125
44 840
166 416
818 18
233 611
69 817
454 834
785 288
551 329
628 172
734 74
420 366
200 290
778 294
682 883
697 727
218 124
790 707
880 438
384 103
633 810
585 50
945 791
490 371
543 937
216 762
654 275
564 681
679 187
504 624
104 398
784 194
178 757
939 770
686 388
596 611
612 434
757 359
597 229
806 658
553 812
252 222
315 783
128 44
510 540
912 805
289 496
105 273
665 838
392 930
51 260
140 587
387 317
614 816
563 170
423 530
52 193
892 744
124 484
326 27
391 322
428 96
266 135
608 478
362 632
251 280
187 617
865 404
636 220
44 321
338 754
760 543
885 117
442 362
884 520
731 490
