100
1000000007 0 0 0 0
1000000007 0 0 0 1
1000000007 0 0 0 2
1000000007 0 0 1 0
1000000007 0 0 1 1
1000000007 0 0 1 2
1000000007 0 0 2 0
1000000007 0 0 2 1
1000000007 0 0 2 2
1000000007 0 1 0 0
1000000007 0 1 0 1
1000000007 0 1 0 2
1000000007 0 1 1 0
1000000007 0 1 1 1
1000000007 0 1 1 2
1000000007 0 1 2 0
1000000007 0 1 2 1
1000000007 0 1 2 2
1000000007 0 2 0 0
1000000007 0 2 0 1
1000000007 0 2 0 2
1000000007 0 2 1 0
1000000007 0 2 1 1
1000000007 0 2 1 2
1000000007 0 2 2 0
1000000007 0 2 2 1
1000000007 0 2 2 2

1000000007 1 0 0 0
1000000007 1 0 0 1
1000000007 1 0 0 2
1000000007 1 0 1 0
1000000007 1 0 1 1
1000000007 1 0 1 2
1000000007 1 0 2 0
1000000007 1 0 2 1
1000000007 1 0 2 2
1000000007 1 1 0 0
1000000007 1 1 0 1
1000000007 1 1 0 2
1000000007 1 1 1 0
1000000007 1 1 1 1
1000000007 1 1 1 2
1000000007 1 1 2 0
1000000007 1 1 2 1
1000000007 1 1 2 2
1000000007 1 2 0 0
1000000007 1 2 0 1
1000000007 1 2 0 2
1000000007 1 2 1 0
1000000007 1 2 1 1
1000000007 1 2 1 2
1000000007 1 2 2 0
1000000007 1 2 2 1
1000000007 1 2 2 2

1000000007 2 0 0 0
1000000007 2 0 0 1
1000000007 2 0 0 2
1000000007 2 0 1 0
1000000007 2 0 1 1
1000000007 2 0 1 2
1000000007 2 0 2 0
1000000007 2 0 2 1
1000000007 2 0 2 2
1000000007 2 1 0 0
1000000007 2 1 0 1
1000000007 2 1 0 2
1000000007 2 1 1 0
1000000007 2 1 1 1
1000000007 2 1 1 2
1000000007 2 1 2 0
1000000007 2 1 2 1
1000000007 2 1 2 2
1000000007 2 2 0 0
1000000007 2 2 0 1
1000000007 2 2 0 2
1000000007 2 2 1 0
1000000007 2 2 1 1
1000000007 2 2 1 2
1000000007 2 2 2 0
1000000007 2 2 2 1
1000000007 2 2 2 2