1000
820
1725
819
1303
1209
1476
278
1976
654
1671
1116
1383
1449
1186
1325
64
758
1813
1303
1111
659
948
378
1618
804
1639
1693
155
672
1530
1575
671
402
1870
1926
1169
72
1990
1660
663
952
779
141
988
566
441
258
589
671
896
1689
1372
1074
979
1938
1712
1730
508
1715
323
1925
774
886
1875
456
1250
1942
449
1368
1779
1125
469
1050
1346
1081
1768
260
794
1194
1288
1730
509
326
1048
1650
1293
1038
109
1496
1060
182
50
1995
1629
1544
1781
1654
728
674
1095
600
1098
1683
208
628
1146
1138
793
466
1990
1287
497
956
1500
1824
473
82
1345
1966
1511
502
141
1909
1015
1665
1725
1008
773
252
1360
1978
1092
248
779
1477
1818
1863
469
1575
1042
64
651
1561
1624
1823
1997
1623
977
226
1023
178
2000
445
1449
1073
1970
807
504
1355
1443
315
539
1310
1719
1864
1526
1564
1794
593
1074
249
1040
1454
1307
1470
1182
1433
545
1977
367
1586
1480
1883
344
1260
424
1960
739
1949
989
714
1536
1778
152
1279
1008
137
1388
87
1577
1445
1154
583
1717
1645
1749
1944
114
125
1015
1864
899
595
586
551
1357
1779
1208
876
475
52
12
1358
1131
705
1159
1980
815
57
1852
1221
973
416
1155
1856
1119
572
906
38
1364
456
1023
1347
1789
1764
1367
1721
1009
1635
411
1260
345
331
1110
854
612
345
1416
1941
1669
842
86
1017
64
1059
471
55
129
1355
1112
1512
500
892
713
58
1326
1269
191
462
195
586
1808
1352
1613
1458
1689
1763
796
1080
1515
58
1552
1340
138
160
529
1263
1021
1417
424
170
1569
1391
1299
311
1686
1646
1573
166
544
1063
787
154
455
1937
1016
378
999
1971
370
1376
1345
748
1827
1901
1753
668
640
1971
614
984
630
506
1748
1465
288
476
757
1725
1634
136
780
597
465
98
849
1174
585
1122
1264
104
1350
481
281
442
667
911
1841
444
846
1152
656
163
105
361
34
56
491
280
1798
1673
1509
538
1346
391
1262
1603
1884
1383
1152
1177
1714
1537
872
297
900
1732
217
1185
1684
1152
954
1780
29
666
419
922
393
140
500
1245
314
786
1711
1916
1874
925
1545
1707
1418
324
381
578
1871
1951
841
650
224
762
1806
387
514
472
740
1857
140
525
1268
1850
1963
1827
572
1321
63
854
511
399
764
1080
290
1836
682
558
448
1690
998
768
1303
99
175
749
1881
1558
1881
53
1164
198
1261
1485
1994
714
1223
303
498
383
1527
103
213
1153
1025
1047
634
1302
1709
1236
1754
1875
1879
918
1876
164
1248
1628
667
1945
1979
822
1667
1555
961
841
1799
1163
1614
1231
86
1532
481
1668
225
724
496
938
895
535
1602
1030
490
1116
211
1760
1424
606
387
199
418
1068
1575
747
1736
761
631
1585
1674
1884
1150
115
1433
33
974
605
580
871
1961
1681
963
1889
169
1892
1616
949
280
623
1545
751
633
1838
64
1263
1069
660
1371
1911
1791
422
868
1806
73
683
521
719
908
1683
1821
1819
1276
1629
1494
1331
178
1902
1165
1999
184
785
1121
249
1184
1410
4
1986
270
1714
12
1949
1321
1446
1699
47
254
1112
40
1445
605
1396
1596
1166
298
124
998
909
669
469
160
792
1411
664
1431
892
1499
1794
350
86
1753
468
1308
923
38
1203
1385
689
846
617
869
4
880
1714
994
978
1522
81
245
255
971
792
793
1554
295
1827
667
1238
167
1886
1087
1418
1518
346
1753
98
805
828
1413
755
391
766
913
410
1958
1181
589
454
148
57
1506
1754
747
1144
520
1724
1894
67
1902
361
1125
1542
166
414
1629
485
86
144
870
850
520
1254
1611
1592
346
1241
1981
1443
879
1563
801
1013
1613
381
1741
1011
493
855
367
518
910
1156
438
1435
995
1411
231
291
1408
1143
313
788
1360
1704
617
278
1714
512
967
310
263
1455
727
1254
662
1000
1218
1931
1289
1362
402
910
445
871
1641
876
1222
1384
523
1670
1560
1303
463
1794
1295
1643
498
1416
88
224
371
1045
694
868
1768
971
1982
251
648
1151
171
429
1856
442
107
979
926
1081
1919
349
841
973
1503
1006
1351
1100
804
1886
164
814
861
1399
946
1952
875
473
4
212
372
1431
481
671
915
1288
503
634
1686
1830
422
1474
1775
1490
1761
601
1012
1806
977
738
992
1025
1697
152
527
1543
259
184
1797
1919
1593
738
1640
315
1869
1116
1586
307
1561
1039
688
1106
192
984
1701
552
1460
1720
1448
278
669
85
785
1669
216
1623
336
1951
373
156
1975
452
57
292
555
1143
1914
1605
1606
239
86
568
696
567
780
1706
1170
1133
1824
1660
873
598
1964
388
457
409
1722
298
1327
384
1819
1372
46
906
755
330
795
476
362
1034
1921
1387
428
469
1582
483
90
56
772
1203
503
1540
57
1855
188
127
583
1069
1365
753
493
1480
450
1960
828
545
519
1028
1114
1080
1548
459
1395
1367
1341
1958
1075
296
1275
1667
301
1610
665
1825
1383
1328
1040
183
1452
929
59
1613
1432
761
1340
1856
1600
1671
1221
1683
136
237
1680
1897
1130
1828
1704
124
1062
1413
1709
601
1388
128
868
1714
1891
1433
597
490
1014
246
331
1788
722
1858
1288
229
906
1822
318
1925
579
1866
1718
147
488
1296
1581
1446
1735
1322
786
1596
1905
1271
1882
438
526
