10
300 129 1000000007
275 296 119 223 160 132 133 192 273 103 279 5 9 69 218 166 299 277 74 235 14 201 29 209 176 241 260 27 296 54 66 263 300 211 231 145 102 11 70 267 61 226 235 162 230 104 136 83 71 73 240 190 67 131 112 59 239 173 229 230 105 246 195 241 228 25 21 235 63 234 129 263 189 221 45 204 104 89 290 88 241 84 99 288 144 185 37 150 259 74 14 126 92 239 172 61 58 78 300 216 157 81 30 71 95 81 271 213 277 140 4 166 142 18 12 50 148 3 201 194 196 88 71 172 44 258 114 16 160 279 213 4 214 152 274 56 153 239 132 119 115 290 254 248 181 215 102 88 72 41 239 6 106 295 251 280 207 76 179 202 40 266 262 77 19 295 204 222 140 149 276 250 236 49 125 268 32 147 54 5 160 71 35 147 152 3 266 89 107 279 245 26 107 81 213 296 208 2 108 280 172 9 148 187 46 183 176 102 237 286 215 225 76 246 49 148 268 188 56 128 193 105 96 37 140 190 194 284 140 222 87 18 132 73 251 273 201 266 84 3 45 4 289 1 103 168 22 82 220 290 89 12 264 204 158 286 221 167 
300 192 1000000007
45 124 229 125 167 52 37 206 160 185 27 15 233 32 141 272 122 180 97 246 217 37 54 48 14 298 2 46 79 209 105 168 116 55 213 93 214 259 167 152 7 11 5 250 13 84 240 206 77 21 280 230 141 223 254 162 250 107 288 209 94 300 235 170 260 295 245 229 101 177 42 263 265 84 78 260 41 48 223 34 79 267 291 29 267 218 298 205 43 134 185 151 111 228 125 19 283 221 174 1 50 217 299 135 9 88 257 179 251 77 234 286 230 6 3 7 229 76 41 24 243 29 145 282 132 268 286 107 75 296 156 233 80 3 61 100 59 235 263 300 108 202 212 56 108 219 88 114 133 261 249 272 181 199 123 270 52 208 115 102 175 52 286 268 243 239 117 230 223 298 123 130 77 199 249 9 111 216 133 152 277 12 55 169 101 217 152 105 3 44 167 67 2 177 68 167 23 270 71 228 185 180 106 71 53 257 30 17 18 236 159 179 299 248 242 39 67 114 135 189 81 89 223 243 162 224 215 215 136 55 290 3 117 42 187 201 99 171 99 115 221 208 234 201 193 136 191 109 155 150 53 20 47 262 254 202 138 41 111 46 199 131 94 35 203 11 216 293 177 121 19 81 32 130 93 14 29 81 33 9 125 281 125 40 195 296 289 88 66 166 115 148 158 13 100 272 243 103 182 235 278 60 215 125 207 21 284 268 2 73 229 73 118 256 212 250 50 102 44 181 94 5 160 199 294 93 108 265 89 166 115 3 29 23 34 64 258 266 28 198 40 143 27 270 92 254 113 1 272 168 230 64 190 253 186 57 19 207 81 236 138 277 255 193 88 186 13 14 37 276 217 191 7 68 298 240 88 16 238 235 218 194 212 222 
300 117 1000000007
271 266 140 139 75 46 139 204 220 4 73 45 131 78 59 115 56 20 35 86 58 262 272 142 42 227 61 168 280 10 77 49 45 54 251 278 179 149 284 185 53 285 85 274 270 255 179 157 153 27 44 244 238 68 88 244 267 79 156 193 227 38 289 186 63 267 180 129 208 206 137 222 48 291 133 198 260 7 37 51 30 94 140 106 62 214 120 184 110 266 215 145 262 188 151 30 101 31 76 61 66 124 221 42 145 152 242 20 66 22 188 296 154 10 177 229 15 257 186 197 87 122 19 191 116 82 298 42 118 191 266 285 188 210 184 23 140 210 246 280 154 285 216 17 278 173 57 45 185 57 268 276 37 33 222 112 256 271 298 110 164 172 58 218 15 70 39 138 12 59 28 260 92 182 138 261 79 68 160 221 32 66 273 237 218 298 163 92 155 139 111 177 169 116 236 19 91 211 189 182 131 106 109 281 90 294 61 101 247 296 241 205 215 141 38 87 140 300 187 90 21 137 62 107 221 249 197 185 60 69 202 240 283 6 
300 220 1000000007
142 227 300 54 35 253 14 62 168 168 190 236 105 226 74 100 247 88 297 266 41 34 155 294 80 280 123 206 69 175 44 140 204 229 111 233 87 283 244 26 232 221 203 125 224 297 49 250 16 1 259 101 82 71 278 147 180 38 164 117 14 294 66 200 161 75 178 275 295 274 258 221 218 193 206 187 89 8 299 25 60 175 132 48 275 281 106 91 201 34 54 212 213 282 158 174 162 70 68 100 23 182 233 125 244 151 266 97 44 269 243 83 223 137 249 25 207 33 166 159 279 276 210 284 150 16 180 161 18 193 142 228 146 288 217 92 260 43 112 133 117 163 278 266 218 223 194 89 148 191 95 239 78 52 136 29 29 70 165 50 172 140 147 86 26 171 129 102 245 229 127 173 116 223 207 3 87 117 14 200 213 209 68 267 30 59 195 247 299 15 85 77 202 115 92 235 138 267 101 89 115 78 288 3 201 219 7 146 207 80 141 222 38 45 134 102 231 40 276 170 94 47 55 170 151 135 204 7 274 12 2 4 281 174 259 141 13 78 30 94 86 183 204 154 171 142 116 90 210 16 254 37 63 291 296 208 191 96 140 70 238 135 76 50 289 107 31 275 6 256 131 73 1 10 119 133 176 12 147 61 261 253 198 157 103 102 203 257 198 100 211 28 22 23 42 152 218 251 48 67 21 6 78 189 286 158 225 199 133 92 230 100 114 193 135 6 160 60 245 167 176 201 254 289 163 29 257 90 276 121 251 280 47 171 45 39 219 298 87 160 39 213 79 79 223 28 246 232 263 210 66 111 297 194 93 196 47 131 20 60 171 246 200 109 150 159 209 3 266 214 61 28 104 136 11 53 150 20 139 119 125 223 81 213 233 220 247 130 43 239 72 277 80 296 246 127 220 139 161 249 233 239 189 19 89 147 288 236 85 219 145 54 137 231 250 153 84 229 189 75 272 53 193 282 141 57 34 238 156 42 190 133 255 244 246 116 271 165 210 54 
300 68 1000000007
126 50 295 216 94 210 219 270 151 254 72 250 264 264 25 170 181 159 124 164 162 73 49 271 44 200 167 154 128 172 232 52 164 300 170 101 153 134 66 281 13 76 152 287 265 205 139 31 38 106 174 91 129 141 51 110 59 268 91 234 158 270 294 195 130 223 140 68 234 184 220 62 191 248 281 279 49 125 83 113 255 287 71 63 50 239 292 23 157 22 71 125 136 151 254 195 288 71 186 209 29 48 115 234 243 72 239 263 166 138 253 92 149 68 59 221 125 231 195 103 33 232 106 260 237 289 149 283 276 196 11 42 82 298 291 156 
300 225 1000000007
99 206 174 239 183 186 119 26 93 276 129 174 246 205 157 53 62 25 171 49 195 290 150 57 210 232 222 119 97 220 124 170 138 212 179 217 79 263 6 21 298 292 297 217 123 300 30 180 76 167 101 286 276 212 49 104 275 133 88 138 101 197 244 218 256 268 80 103 244 7 231 166 81 125 143 147 83 68 209 127 41 100 94 132 210 5 41 62 61 23 148 61 247 179 100 111 87 16 253 195 249 46 289 174 9 138 95 153 142 22 255 130 218 268 288 60 124 89 142 210 282 286 270 39 228 123 215 3 284 34 158 212 274 130 211 195 107 96 61 117 62 162 196 198 227 50 298 73 251 74 197 40 39 270 238 221 207 73 148 96 198 71 235 239 140 94 295 264 59 239 166 86 178 140 257 286 207 232 24 103 299 22 52 124 63 98 149 245 289 256 93 265 63 11 240 287 139 257 36 154 136 3 148 97 296 227 228 163 258 96 46 106 78 114 52 179 235 195 285 253 217 90 205 103 211 241 281 296 174 196 26 123 134 200 196 52 1 117 98 171 142 167 97 7 79 18 42 264 34 289 275 41 180 209 208 9 91 87 178 134 186 39 193 102 43 141 183 214 180 188 256 236 1 205 219 217 32 254 128 251 258 176 32 135 169 166 22 127 283 275 268 198 190 98 129 204 40 243 127 107 65 105 125 26 143 270 141 217 238 298 288 57 263 224 50 257 185 173 267 17 18 170 269 143 143 8 58 215 228 22 266 248 126 151 20 219 129 229 108 273 240 41 161 77 266 268 7 191 4 189 164 280 221 104 118 57 77 190 237 38 64 70 15 152 73 100 99 273 78 184 46 23 191 133 19 83 35 186 26 179 37 196 163 127 139 81 132 53 127 185 120 118 267 11 109 27 226 42 209 123 3 137 128 27 46 272 1 28 101 16 118 27 77 260 149 287 113 9 9 238 205 151 96 145 11 205 98 9 178 186 202 186 136 133 47 239 206 178 145 138 249 275 105 270 19 170 39 126 238 95 
300 111 1000000007
268 131 286 232 83 286 163 192 132 45 117 129 148 193 245 68 193 242 292 274 210 54 269 222 266 226 26 232 152 79 88 67 138 96 289 300 182 240 248 167 196 66 120 218 197 264 157 116 240 32 203 67 175 128 47 121 76 37 15 27 32 19 277 12 211 50 179 208 70 211 185 248 114 221 211 61 230 294 81 51 234 59 273 37 124 171 224 169 143 142 27 225 51 237 39 240 61 256 91 297 23 184 257 38 77 90 151 212 69 264 219 138 140 74 141 111 218 279 176 252 173 93 112 114 101 179 255 75 246 90 205 83 84 174 172 98 94 1 275 300 3 184 234 96 242 277 159 158 17 88 148 171 80 26 266 297 169 123 136 3 78 112 214 221 67 160 2 211 29 62 268 64 292 99 19 138 216 156 96 53 89 127 175 224 73 157 23 10 188 179 22 261 91 265 288 39 54 60 184 54 230 65 89 10 267 17 225 164 249 274 91 281 266 26 86 67 243 87 69 271 254 90 
300 170 1000000007
140 45 74 168 285 278 259 198 19 209 258 1 115 110 101 94 50 300 229 155 214 233 107 187 230 207 165 104 96 231 150 203 110 34 106 280 79 73 13 91 78 234 133 29 299 283 98 275 81 152 98 200 20 52 181 25 251 61 291 154 237 82 279 171 264 112 182 120 122 115 32 156 83 177 235 124 142 169 30 251 244 54 191 265 2 230 248 128 31 225 147 179 53 273 172 33 6 264 263 232 254 151 54 259 255 284 67 248 217 107 226 130 139 69 153 58 222 251 25 40 264 145 277 49 248 232 21 35 224 168 248 280 19 178 72 262 196 263 178 182 295 17 209 224 142 26 72 166 102 117 184 13 296 92 266 256 194 167 277 187 154 266 142 247 57 31 73 70 260 280 87 94 111 260 24 148 14 143 207 271 136 274 156 66 285 198 6 114 291 31 180 174 81 162 161 138 276 298 298 187 46 133 291 171 35 10 43 24 97 174 91 99 111 10 262 125 241 291 160 18 43 51 296 183 203 82 24 210 181 71 82 53 173 49 257 90 234 222 189 202 217 127 67 135 283 291 181 248 223 60 268 219 283 171 179 172 174 88 127 205 42 259 215 115 239 145 62 244 76 157 114 243 180 276 216 215 203 167 249 264 71 157 276 22 45 176 177 299 120 32 71 187 164 13 277 155 259 204 22 279 24 25 127 7 176 255 94 31 261 93 260 41 73 124 38 183 159 97 191 193 127 196 200 106 216 97 110 155 97 34 228 163 180 213 128 225 143 292 164 222 
300 296 1000000007
46 208 103 264 113 269 78 114 122 23 222 284 64 290 284 197 236 264 40 139 50 65 186 277 199 172 77 237 221 171 148 230 52 128 229 69 10 110 172 105 286 135 250 74 51 185 61 287 257 178 20 86 246 159 119 140 99 162 64 68 109 127 18 37 172 138 131 140 88 3 10 54 25 121 142 266 209 107 24 34 244 88 169 163 45 223 300 166 98 47 264 60 188 231 181 169 12 152 167 165 52 197 4 178 14 79 128 30 198 202 118 277 27 228 208 202 257 249 297 70 40 151 86 171 278 183 19 85 256 51 56 159 158 193 175 265 31 300 63 22 204 93 194 228 40 193 119 61 119 145 119 217 204 270 65 89 125 267 127 86 90 183 79 291 82 7 122 14 258 276 264 121 226 288 284 240 153 115 149 191 46 171 21 270 108 29 133 255 255 15 273 111 168 261 178 156 284 239 157 62 280 130 141 32 119 79 300 209 170 186 270 98 80 232 71 242 138 282 82 237 181 75 174 41 248 27 56 171 15 70 37 220 116 224 237 183 224 202 295 134 237 70 15 111 211 50 82 45 15 254 233 190 7 111 257 132 124 227 245 179 76 94 160 9 60 9 117 61 137 14 36 24 264 91 15 217 84 263 209 170 167 102 1 163 21 167 94 211 124 203 238 81 223 61 209 89 238 209 111 274 238 217 168 262 69 141 26 228 167 289 52 14 122 13 231 28 95 107 270 183 154 29 258 64 164 193 137 91 179 245 10 124 26 164 246 137 134 280 101 82 76 134 60 112 143 70 57 80 188 40 76 55 281 79 185 45 227 140 82 91 51 99 66 300 290 24 170 281 84 28 287 69 114 180 56 13 236 63 181 3 186 124 88 48 12 259 32 228 159 189 223 38 226 60 228 53 271 247 252 229 142 177 56 73 75 129 276 65 171 207 167 178 183 137 191 49 124 176 270 108 262 283 184 188 107 244 235 252 127 99 249 261 138 80 49 35 69 196 33 62 21 54 133 237 36 1 12 227 29 98 167 70 22 148 70 68 40 268 191 28 38 94 164 230 34 291 193 19 25 145 85 71 265 184 265 71 16 22 259 253 79 229 51 225 148 187 28 251 135 78 129 35 138 66 141 160 67 228 16 48 27 256 39 298 185 281 143 229 185 23 184 40 189 137 179 6 31 256 182 281 177 24 8 181 45 157 41 286 173 277 38 66 14 261 140 60 163 157 37 18 185 207 284 244 153 90 202 73 53 59 5 173 250 184 248 171 1 265 231 49 260 288 176 211 208 136 82 276 189 24 53 167 253 28 102 56 293 156 1 173 80 48 144 155 109 72 66 229 196 201 291 97 
300 247 1000000007
276 4 209 273 143 151 262 268 163 17 121 86 13 5 231 291 110 238 59 215 260 165 199 227 102 16 157 104 185 174 124 50 280 20 56 266 64 240 247 150 151 43 70 193 290 113 215 113 249 187 76 48 160 148 72 159 167 229 77 37 241 237 78 75 129 257 69 58 248 291 55 221 235 229 275 261 36 136 137 146 178 110 300 64 270 189 37 255 51 81 149 62 270 36 85 50 291 267 24 273 283 207 163 20 70 42 152 38 110 188 259 246 140 109 109 88 143 264 33 179 11 8 149 77 148 6 56 99 255 242 242 3 256 78 109 196 9 217 165 264 209 263 210 176 136 194 204 239 210 108 100 267 291 78 97 137 194 276 237 63 1 74 261 233 167 10 135 211 23 195 94 80 36 214 183 180 126 207 166 101 204 38 78 272 126 234 133 226 233 54 3 57 232 158 139 74 257 132 211 107 113 84 3 81 204 145 4 14 125 197 253 183 204 226 139 289 76 285 178 257 164 204 263 10 45 127 174 66 106 128 43 268 198 196 269 164 201 179 231 78 41 47 179 156 259 264 119 227 226 147 66 205 60 245 223 125 23 49 24 146 201 98 265 288 91 214 186 247 218 230 155 217 71 79 102 152 261 64 22 269 48 36 82 139 1 114 92 254 111 196 119 177 3 162 183 109 95 55 195 248 224 92 231 155 3 147 168 300 41 89 281 111 9 72 195 121 142 68 274 293 8 212 113 183 248 63 128 218 203 44 257 79 58 250 281 190 48 12 300 123 204 156 198 229 198 211 151 77 143 149 141 115 139 204 269 184 43 126 136 112 135 135 178 110 5 172 60 204 11 238 270 1 297 5 106 176 159 80 52 295 109 53 230 71 84 90 3 129 140 135 71 298 62 256 80 43 153 150 120 120 283 25 201 283 41 92 70 51 131 208 76 21 180 166 43 257 214 220 79 194 264 154 265 264 185 9 270 10 297 291 213 275 249 72 67 207 295 293 252 26 138 127 89 233 175 222 182 50 261 115 209 181 243 239 114 74 227 124 167 29 9 261 123 80 16 289 287 144 128 272 86 126 1 241 266 34 251 143 145 1 43 99 21 124 252 193 82 273 133 107 9 22 166 206 
