1000
517 114
215 973
232 976
806 246
810 314
816 352
534 563
986 142
936 53
683 380
134 710
620 385
170 291
348 927
856 305
78 843
159 846
50 664
480 758
691 505
499 1000
696 714
473 507
888 342
537 455
3 445
989 91
503 53
601 868
687 72
530 716
977 480
636 314
875 383
27 326
532 337
722 493
739 436
706 252
48 321
191 326
788 735
556 666
849 738
546 647
417 697
94 649
765 572
983 146
107 844
246 206
95 432
147 963
429 349
789 92
253 671
173 614
395 575
79 678
678 6
596 681
462 783
327 418
602 571
196 274
869 473
792 352
177 922
394 689
542 155
245 181
143 361
46 123
455 572
712 14
103 50
112 409
470 468
818 714
325 415
418 155
642 316
698 255
593 366
198 661
815 439
271 774
334 663
646 15
10 14
487 965
11 575
597 799
300 425
981 611
825 70
927 395
874 640
80 572
239 326
214 555
322 406
368 868
518 995
64 554
918 510
444 828
318 800
773 191
567 431
486 479
71 85
761 289
759 968
148 229
391 770
407 572
528 941
762 890
670 106
268 544
116 665
894 778
966 647
702 348
955 476
17 428
824 629
203 295
676 799
376 480
141 21
715 840
735 280
349 611
179 166
178 478
870 203
331 264
575 326
742 175
768 895
571 472
585 241
86 529
539 755
945 571
34 407
87 203
915 646
504 598
32 284
540 15
307 561
716 84
495 235
493 664
752 527
401 261
304 1000
282 831
586 976
30 452
658 733
551 373
692 426
130 656
615 664
479 589
905 506
21 571
527 744
514 277
329 906
582 520
76 134
210 546
451 798
880 355
721 170
467 2
794 795
817 335
764 269
144 190
949 395
862 529
359 219
780 175
131 32
427 797
751 365
959 29
744 410
921 47
274 881
208 47
640 407
804 561
785 298
209 14
928 830
860 618
500 49
13 601
292 283
701 476
431 646
225 975
380 804
570 40
361 325
851 171
507 897
154 364
132 289
55 403
466 457
832 281
996 976
564 814
837 959
375 63
859 873
152 18
36 976
962 385
287 994
442 477
805 452
558 128
77 84
694 496
868 265
577 963
223 527
102 802
743 316
295 561
49 480
446 972
879 543
97 341
829 851
140 706
861 648
437 4
387 265
553 726
485 889
627 540
459 206
580 400
953 453
405 222
882 596
865 517
181 271
543 1
388 803
37 155
867 355
782 865
254 527
902 953
891 18
62 399
236 987
753 424
285 520
682 689
294 337
821 505
997 898
43 783
491 769
114 950
568 75
411 235
235 284
584 878
432 284
72 30
58 601
938 780
846 517
447 255
963 624
377 915
552 583
279 776
172 309
293 375
39 914
831 271
590 951
632 395
763 473
881 524
145 477
110 169
699 897
362 45
328 572
2 265
565 696
980 576
259 1
536 318
935 471
650 214
6 878
669 996
469 711
618 395
421 511
176 679
730 658
777 542
799 624
726 640
284 804
420 13
574 435
38 891
302 139
515 864
426 418
912 726
115 942
688 511
572 1
330 294
25 132
801 957
324 383
52 681
656 255
790 872
425 679
126 468
941 1
66 192
971 168
169 972
737 171
679 289
286 677
347 618
898 383
31 264
266 957
725 218
647 744
916 856
641 151
784 106
884 672
424 752
731 452
465 432
65 24
588 669
579 119
668 870
830 176
554 520
355 432
53 295
775 269
757 845
356 848
661 561
748 63
456 982
341 878
226 977
663 43
383 155
557 350
332 100
453 646
398 394
581 312
392 313
562 32
967 661
205 714
610 602
667 561
988 541
440 517
373 232
619 410
220 176
9 358
251 804
509 940
164 688
606 408
665 18
19 15
890 572
901 90
192 106
484 5
165 52
265 438
887 631
153 930
998 780
513 746
778 386
871 506
117 452
631 337
704 752
555 175
673 240
930 958
809 14
109 822
422 424
834 404
5 960
823 580
819 845
202 175
316 246
320 465
247 295
864 527
566 405
958 647
213 76
291 805
93 50
168 646
217 569
700 849
550 431
826 67
20 584
188 983
878 114
850 730
625 937
873 53
985 415
660 50
952 924
848 415
535 431
635 581
233 424
723 950
410 572
520 412
423 684
718 681
101 613
435 589
438 561
218 45
717 223
122 774
755 764
578 818
468 394
104 473
839 585
975 295
750 166
23 613
283 924
659 226
951 778
639 729
288 375
106 394
408 207
26 601
448 349
137 498
798 343
406 350
820 798
749 32
360 122
521 804
897 400
313 343
403 247
1000 92
67 672
182 723
519 264
74 120
275 176
142 176
272 817
638 975
305 640
454 278
948 542
296 960
727 312
367 845
111 541
89 207
496 561
589 438
42 76
123 885
662 557
968 775
363 376
605 400
400 969
262 162
280 105
56 349
814 325
524 206
261 774
932 975
129 220
249 689
18 969
113 404
686 333
243 679
439 278
333 367
538 294
33 569
979 643
54 46
158 123
224 411
559 702
995 63
781 870
877 733
494 746
413 428
652 149
409 729
903 44
855 821
549 479
238 19
267 797
569 364
999 586
351 242
335 542
845 407
312 976
201 634
944 758
772 752
478 15
234 803
978 451
346 846
35 926
199 180
83 455
379 472
889 813
357 865
828 941
917 785
472 400
60 61
666 864
263 820
906 431
460 86
695 326
7 620
488 804
317 721
852 383
127 243
770 337
477 898
47 385
255 229
599 232
44 741
12 684
914 493
987 370
541 114
651 1
434 714
281 67
929 352
342 804
766 752
913 878
714 452
14 823
993 551
604 261
623 561
733 542
802 507
795 693
250 418
703 421
940 828
899 387
68 649
227 870
502 47
84 407
189 387
624 541
800 184
895 618
964 797
974 906
309 753
803 414
301 190
200 326
910 324
270 668
69 362
857 661
693 649
594 32
954 991
657 314
697 913
970 593
450 971
858 28
746 778
156 932
637 911
613 394
63 884
24 738
370 844
622 505
919 995
483 327
776 961
338 30
311 30
306 810
449 845
603 864
760 204
904 594
45 415
419 67
231 699
364 783
629 682
430 803
82 518
811 305
685 452
174 86
162 438
244 321
920 116
240 324
445 62
389 835
15 337
738 957
529 32
412 155
719 957
396 160
441 19
840 689
276 589
526 277
161 199
511 792
886 867
681 770
195 15
512 188
61 338
402 2
463 804
269 864
922 438
228 475
972 337
118 898
787 520
976 452
710 775
709 81
121 295
924 273
319 220
595 148
600 944
443 294
808 369
523 246
216 925
592 503
184 159
73 975
260 714
314 118
522 449
190 386
290 107
124 573
29 580
796 720
150 305
961 449
680 328
769 472
344 597
854 585
415 758
956 269
372 550
452 80
414 92
171 792
516 958
866 410
754 884
230 367
560 62
771 298
96 49
607 84
98 748
160 890
197 385
756 961
573 269
471 972
736 248
138 883
943 647
863 792
125 437
4 950
384 240
41 818
984 844
616 869
724 437
289 603
128 976
91 902
166 335
404 131
382 652
853 822
120 580
908 193
649 328
476 181
813 119
960 640
634 358
812 318
612 567
497 475
872 338
674 30
194 699
433 400
767 198
482 431
187 508
151 230
934 611
506 91
241 386
315 309
16 89
973 1
842 133
242 400
28 38
653 269
365 398
965 983
675 808
900 181
185 191
982 621
732 144
343 473
648 178
297 480
907 176
358 598
774 890
939 29
505 926
677 176
783 233
135 404
458 232
345 295
841 799
139 507
644 927
193 494
835 953
436 233
57 932
786 589
155 1
561 527
22 166
212 247
909 343
911 931
366 895
99 927
501 12
475 611
942 256
381 785
946 979
149 869
385 941
352 931
70 206
206 542
489 376
807 740
340 938
617 572
797 561
822 30
146 517
885 95
533 316
277 669
105 394
992 698
354 26
672 18
745 709
720 748
299 242
655 213
611 284
705 138
248 52
461 958
303 976
547 299
510 289
222 223
133 144
923 247
598 312
40 726
397 555
630 387
671 593
643 529
264 2
937 810
931 400
591 961
237 857
707 70
689 580
457 561
991 883
371 715
947 185
229 338
926 226
59 493
713 488
892 184
576 87
728 783
544 446
399 265
758 15
119 309
969 542
186 407
167 68
827 738
883 897
876 383
791 627
278 856
690 385
326 117
374 674
180 799
339 246
843 726
204 888
608 311
628 960
100 155
994 710
729 412
51 548
925 554
337 383
416 601
207 261
258 383
90 96
219 344
256 644
157 170
336 289
525 676
734 677
741 10
893 72
498 412
838 494
957 679
108 624
621 624
92 707
323 265
308 204
390 295
221 373
8 926
464 254
847 237
252 205
75 454
548 597
88 729
490 704
654 410
626 866
211 698
896 266
711 971
321 152
175 753
81 428
531 2
844 110
563 160
708 102
481 532
378 424
492 597
793 413
163 68
257 231
350 991
545 431
633 359
583 571
474 708
614 61
740 104
950 542
428 628
587 285
298 685
609 966
508 401
664 295
136 716
684 699
990 649
393 229
273 335
933 617
369 729
85 975
353 324
779 56
836 811
833 4
645 527
310 451
183 204
747 17
386 971
