973 963
375 720 19838
156 678 10487
826 915 570
834 889 12938
659 756 4192
759 826 24346
71 323 32424
768 941 26101
880 962 23253
351 652 7352
160 921 31133
232 604 20184
962 963 4641
469 655 14333
283 876 10268
882 888 7618
141 788 17435
104 580 14961
63 146 23378
183 574 19920
421 936 4332
197 425 2597
364 379 14577
954 955 755
267 660 18697
403 491 4129
624 855 15823
425 943 4995
627 858 31598
670 806 2060
2 940 26302
47 364 2308
211 652 28700
184 554 25884
585 618 7085
135 174 9272
792 946 19156
559 624 30784
67 689 14591
111 753 12389
788 793 21012
10 929 17291
612 932 21291
317 929 12774
866 936 5714
766 766 9956
317 858 4244
250 867 15351
265 855 30071
192 390 20971
43 307 13738
489 672 31164
283 451 13982
295 745 10030
132 215 16193
719 777 13971
595 940 14862
271 347 31884
802 807 10032
591 930 29084
321 663 31092
143 652 25832
434 550 12077
777 822 18565
682 932 21604
389 845 28434
735 769 19944
36 481 17817
523 592 25874
440 466 1521
269 325 6757
122 887 23819
293 446 22860
293 481 24053
712 775 20894
242 742 9599
604 949 3003
168 412 7100
81 640 21080
72 440 6105
395 862 22874
283 457 8194
643 941 11077
206 590 25161
154 747 28470
538 786 9422
704 710 5979
831 900 6806
896 955 3174
681 791 6105
197 893 1139
361 395 23466
219 265 29773
179 302 24130
383 576 37
161 567 6750
474 842 3343
376 960 28015
38 662 9954
878 909 15751
397 555 26192
226 398 25926
946 959 29010
744 922 17728
591 741 9268
526 728 6029
276 748 31727
907 928 3449
101 379 2706
850 888 10397
625 711 9441
673 720 30656
2 851 9338
838 925 13645
162 557 7196
282 574 2126
901 934 17386
74 220 10781
535 857 16824
440 788 16980
298 580 21963
864 904 14241
957 959 28304
398 474 20358
527 549 17969
417 875 4144
923 932 797
558 815 16104
776 844 28883
494 509 23246
232 423 22676
416 668 26328
538 755 22984
391 459 1878
590 937 28733
287 531 13916
588 747 10883
778 940 28651
63 724 32021
603 823 429
805 958 12049
877 930 29599
132 249 9127
693 899 5635
90 387 20369
218 442 30308
887 907 3111
97 583 8354
936 959 16883
834 914 29235
940 952 8912
944 954 13604
402 641 28660
840 853 1403
581 809 8830
552 853 32520
60 368 19800
286 656 10956
313 813 17806
791 961 27259
407 513 6762
10 361 1476
253 262 14581
563 656 20581
586 819 20145
366 551 28985
579 698 11679
345 540 29111
730 872 10227
37 225 15015
949 962 9225
919 920 19955
824 880 6511
53 884 14043
789 904 20001
77 172 8443
237 917 5973
468 750 7136
329 896 9053
297 923 5150
246 607 31369
662 683 19497
471 901 794
179 768 28255
471 888 30873
410 766 32512
429 506 310
91 495 20488
120 861 27643
21 202 29230
712 776 14576
2 270 17775
715 943 26762
858 927 4331
35 61 16894
675 685 15622
797 832 22595
312 408 15367
413 693 9199
798 918 11433
33 960 7227
918 955 8025
926 927 25539
705 746 29219
804 932 28132
943 956 16488
849 858 1992
26 775 15104
542 682 31872
576 941 12888
819 831 11703
819 850 32666
241 255 740
133 806 6934
617 739 3854
123 390 23902
237 891 20850
167 655 30151
934 941 4015
541 832 23646
647 853 2128
610 818 15981
423 827 12986
436 535 27675
605 902 32237
950 950 29402
536 691 4518
359 877 9107
12 753 3509
232 673 5337
629 876 12710
911 928 4233
13 577 19219
38 539 6554
55 288 21306
181 662 8724
862 922 21671
150 549 29279
695 902 6163
82 878 31338
744 868 17353
242 300 6756
953 961 6956
32 770 13294
80 817 29757
605 616 22035
963 963 22309
161 879 25974
61 457 8246
586 604 3944
739 825 30434
767 798 29153
111 759 3216
24 920 31649
842 903 27748
909 910 28377
570 598 16714
916 922 30249
823 836 27111
543 747 12004
496 709 2625
909 920 15558
901 911 6459
212 635 15024
733 867 15411
691 728 30978
303 489 11623
836 897 17823
817 861 31218
757 823 17110
681 817 10875
103 131 27025
114 899 30183
11 853 2205
348 478 32693
382 943 13809
345 810 27594
334 836 2103
257 527 20439
20 30 24066
773 897 20127
904 918 17787
373 604 967
926 956 4714
487 766 26356
784 858 10722
395 627 871
423 602 20991
614 936 23896
229 644 14705
76 202 12470
457 562 15824
234 242 27934
53 183 2279
925 949 295
501 830 15478
955 957 15187
115 391 24871
836 950 20801
509 833 30877
945 954 3580
952 955 15335
269 719 20087
266 652 1741
374 690 24468
260 448 1434
583 872 4937
847 924 15996
279 618 2757
311 576 20634
106 745 20891
654 840 4697
943 948 2661
242 841 26009
529 557 10069
519 643 29649
458 577 2482
520 672 23881
520 562 31035
278 554 3558
374 390 16593
143 801 12105
400 405 28685
675 681 25392
664 857 22916
35 824 25171
445 602 29666
15 753 6963
929 947 22571
197 554 18851
880 896 16833
309 815 2787
160 248 17661
643 661 31658
13 842 30592
104 144 17525
19 929 4487
180 293 28147
435 773 12769
685 711 14952
623 873 30308
432 525 25172
343 454 6378
450 464 16850
522 918 17726
440 500 4441
921 941 30340
312 815 32750
130 455 27396
426 671 15853
807 922 13143
137 214 3813
952 956 7788
675 779 7754
80 319 21988
99 291 26077
895 895 30379
72 251 17954
268 543 24547
124 506 20543
411 892 26227
750 868 32269
714 930 9694
714 746 76
825 862 22317
462 653 13365
411 742 32014
325 504 2274
906 924 24696
718 882 29248
642 938 23413
342 799 19083
729 736 22497
306 701 1150
797 960 17980
948 960 8134
139 787 13539
171 180 15955
384 744 10830
391 929 21657
196 334 1313
653 699 2022
890 890 31540
896 900 13654
197 532 27873
813 857 8458
407 897 13362
826 901 16556
496 579 28620
268 483 17772
261 294 6051
640 766 18674
775 857 32227
430 459 7678
623 880 18577
478 810 4271
37 407 197
939 960 11170
184 545 6808
134 532 11884
625 643 25887
750 926 5914
77 944 13308
674 752 17341
486 542 23667
425 503 4655
435 782 24072
178 591 21389
870 878 21260
963 963 13856
707 786 8104
207 630 17321
947 948 22080
131 239 2893
403 465 32329
930 945 21903
281 637 26344
259 270 9763
751 837 240
414 939 8824
638 869 29725
465 551 1354
388 622 20889
702 904 26275
12 832 31284
588 910 7437
17 50 6354
636 699 10211
242 780 507
442 824 15369
5 882 28567
876 953 875
177 597 31796
832 894 13592
589 721 879
838 893 11992
344 484 13649
59 911 31359
169 711 18630
318 889 30847
512 909 23921
162 489 5719
847 947 22413
455 694 21240
297 529 24731
518 856 11321
117 357 19983
753 831 14314
97 327 2873
473 795 28717
573 879 22038
661 909 28184
86 517 14039
400 409 16083
612 758 10302
682 752 32427
490 584 31516
449 691 17106
320 863 10648
629 701 26049
624 705 7944
70 713 21376
618 860 32642
363 681 18999
228 307 18031
413 748 30931
210 405 13765
323 574 18610
300 465 6069
298 784 16519
77 492 21231
946 958 7667
302 661 21963
826 886 20624
789 936 30450
233 575 15452
572 789 10857
455 555 25282
777 809 24574
287 710 6333
55 406 7308
844 943 5566
328 404 29083
671 942 14947
94 798 28466
537 895 16159
59 689 6665
357 369 23138
362 750 25685
87 526 10981
47 194 12764
126 509 7713
901 908 8228
716 755 29729
916 951 12754
575 690 14631
954 961 10376
721 904 25314
885 926 23287
821 858 548
937 944 15574
45 875 31582
207 435 11515
8 574 18243
46 872 464
15 652 10852
576 784 18130
793 828 28078
758 801 15842
247 375 15105
310 483 3469
657 698 10336
146 862 8602
513 905 368
614 765 13687
873 881 21042
528 917 22631
196 508 26439
789 841 2419
653 657 14112
229 890 23957
313 476 17631
770 928 3221
140 895 22747
288 319 20872
275 447 13315
776 894 20990
897 930 31380
161 830 19255
812 939 18397
768 897 9980
531 769 6
412 557 25068
961 963 22044
731 774 27489
554 769 27589
179 824 27450
344 407 15722
313 745 13347
908 960 2245
427 676 10558
41 407 21772
596 719 5172
495 900 2861
835 845 25881
403 689 29146
57 344 10147
46 360 13405
822 834 12716
492 512 11362
99 112 15604
33 422 17980
228 721 21142
782 854 21591
165 250 14523
949 956 20935
591 803 874
236 894 15679
152 729 3967
67 107 11478
110 661 6965
589 649 20572
53 440 29133
765 867 6960
432 564 18479
697 896 4058
906 937 1690
231 287 30418
617 909 24511
458 798 30522
165 221 20445
513 809 25467
600 742 32437
845 889 25854
648 761 5485
548 724 22907
349 419 30146
303 541 31125
286 894 29207
190 444 5052
15 843 15931
350 820 6024
120 809 24323
61 744 11536
158 507 29454
40 363 28901
863 932 22856
273 637 30908
221 323 2564
4 943 19948
58 960 32204
916 940 25157
671 817 18744
666 759 30968
814 873 14177
308 715 24698
223 926 13527
524 849 31663
40 814 23325
746 915 18370
939 961 28953
732 737 6508
309 830 20218
890 914 1958
21 943 21631
487 724 13036
542 605 5805
6 226 8097
276 475 9806
798 952 32568
76 859 25290
696 782 22310
513 879 17738
544 609 17874
246 370 32280
743 760 1266
291 612 12983
292 571 1570
686 941 13618
953 961 29076
79 871 15757
779 919 14370
542 742 5214
893 962 8505
361 676 18938
580 671 4680
452 638 6065
144 706 4283
642 846 28956
589 596 179
375 897 10595
303 438 12780
233 560 29951
381 541 14745
121 351 2671
633 740 13087
783 799 17620
545 713 6896
324 852 367
275 436 24056
829 873 3443
321 829 15707
241 362 27573
295 400 6517
553 744 4627
600 662 26711
807 955 3245
377 518 23355
483 801 18760
654 887 21413
436 655 14193
381 532 5157
637 715 31292
584 723 25081
763 911 11949
551 898 25609
148 389 22065
605 688 16612
255 667 22197
578 872 8397
110 661 18998
859 870 6655
401 823 5604
310 312 31914
89 550 1320
378 436 16728
887 928 32567
698 758 22462
803 879 28140
435 638 3361
218 401 9001
142 692 2264
839 853 1515
27 95 17046
615 862 8912
887 906 10623
751 832 29645
898 935 17455
304 810 24887
543 799 12611
204 951 12920
101 106 27910
9 701 28414
30 261 27719
68 721 8267
229 696 17802
6 40 3120
811 876 6415
559 676 27287
848 902 32101
606 781 23652
317 813 14726
478 795 4446
154 687 22186
585 719 10519
490 607 25426
745 898 32590
536 806 28226
102 355 20039
288 563 7003
381 774 29183
379 446 3480
418 606 11603
713 741 2200
629 950 11884
926 926 29058
208 590 16914
852 888 2589
361 634 15792
675 935 12914
176 617 13873
148 774 31842
383 752 11777
274 872 14814
303 793 3793
764 933 14804
853 889 5105
363 716 28908
416 804 20576
909 927 8865
795 825 18402
281 884 5218
27 608 13495
300 769 14271
383 854 7114
25 459 22988
450 590 20340
911 960 5437
21 59 1320
498 836 20974
190 628 15514
916 919 22478
355 558 30534
441 510 13419
281 514 13670
369 892 14738
129 851 27056
890 891 182
928 962 10099
773 800 29223
189 433 18163
858 920 8249
36 446 10769
419 923 9711
623 624 16282
744 821 30148
399 677 28129
867 909 28835
285 591 15718
440 881 1592
409 589 692
426 603 22296
556 643 29388
598 828 9843
13 688 4005
757 865 11343
794 880 17075
854 910 23165
557 693 22901
31 187 13763
162 492 31854
700 758 20980
666 832 13094
471 662 6894
275 773 10231
479 640 11700
149 210 13530
774 902 27676
783 955 24173
591 822 31435
918 922 21740
602 677 19572
535 593 27344
317 767 3739
482 816 16207
846 921 2883
63 628 12027
860 929 12368
328 487 1831
800 892 14475
70 769 2273
692 923 15236
352 756 3749
170 209 203
63 458 13324
378 936 10289
143 841 16679
373 419 23568
456 730 25426
910 915 9174
630 785 31631
453 552 23612
141 795 3800
418 575 10220
198 669 16099
138 418 9876
151 386 12876
138 683 14731
413 469 2342
33 860 25743
681 794 30557
449 933 15959
257 510 28789
597 835 14302
386 388 2174
628 914 4785
234 656 23652
378 561 32182
315 717 2012
815 893 19739
257 669 31130
416 873 28005
523 557 26268
260 953 23274
712 837 17322
331 839 24084
114 627 6233
11 135 25138
82 372 16692
13 397 16344
499 694 24285
234 449 5358
364 909 20029
206 561 5119
360 636 10782
687 857 24943
429 910 4298
341 865 28824
527 799 18555
913 955 11270
598 621 29634
369 443 23363
413 673 25399
691 791 32244
123 802 17413
278 332 1851
204 922 821
242 646 21906
12 574 19400
79 425 17056
653 706 6645
530 750 956
363 472 2099
788 915 7945
519 866 19150
961 962 17026
960 962 21820
403 504 8521
128 318 28781
575 864 28945
522 951 11205
821 838 1152
690 758 6798
583 740 8414
540 679 19956
576 769 23653
887 896 32760
442 939 24596
97 492 32211
873 935 8914
637 779 8382
133 835 27967
255 724 6696
472 954 31888
102 753 5299
488 510 16442
743 854 15765
512 803 16740
22 701 16941
396 608 5206
637 876 15346
444 799 4953
872 944 30974
822 847 24523
884 884 6633
455 604 4431
508 917 11696
554 605 25698
774 873 23251
196 610 28867
49 419 20735
167 945 17763
287 867 16594
395 603 2784
420 482 32667
693 703 20156
12 426 23343
253 389 10438
311 724 1566
299 554 22899
939 949 32501
893 934 6938
146 898 30027
825 858 31054
931 953 1485
337 750 26830
474 556 17033
688 795 24512
453 621 28444
494 498 8497
437 924 12447
191 293 8213
34 389 16219
258 874 7481
407 449 31920
282 587 16608
193 695 14773
81 794 15374
489 523 2936
518 956 18084
713 958 20454
776 840 26330
369 885 4807
513 548 9154
189 794 25682
540 935 26576
500 607 31550
5 491 14754
648 668 14948
119 931 24698
732 843 30281
807 821 22309
905 955 12585
777 847 27463
347 476 1116
6 883 24649
425 901 9260
174 240 13396
850 856 26481
46 848 2845
614 669 3731
711 763 5497
655 887 15809
445 755 24040
83 238 19578
599 954 407
99 716 16577
324 356 23188
654 816 5775
769 831 19232
32 667 25695
197 905 864
523 816 5102
638 676 4582
176 800 21117
309 377 9413
112 161 7742
427 889 25640
431 899 32430
740 895 4264
487 714 5131
438 652 24281
926 941 20015
314 393 14017
839 957 21862
296 783 22835
103 686 4136
310 448 17994
406 538 18107
590 873 26491
139 564 16931
6 208 17644
674 936 30193
30 822 16662
417 478 23756
856 881 18150
812 880 15816
889 944 21964
455 829 9450
161 777 13438
710 820 878
905 920 7771
208 463 15517
505 2
961 3
270 2
118 3
98 3
962 4
250 3
53 2
56 4
176 0
222 4
768 1
960 4
528 0
1 4
462 1
138 3
138 0
111 4
765 3
422 2
407 0
767 3
220 2
590 0
643 3
279 2
591 0
609 0
661 3
330 1
139 2
340 3
819 0
1 3
309 1
432 3
316 2
701 2
381 0
552 2
424 4
528 1
869 1
685 0
512 0
749 4
534 2
901 0
857 4
603 2
376 2
295 3
904 4
310 2
19 4
922 0
760 3
420 2
311 2
584 0
859 2
342 1
175 0
166 2
16 3
107 2
713 2
636 1
597 1
397 3
611 3
379 1
65 0
843 0
614 2
365 2
564 0
646 0
528 4
923 4
123 0
249 1
151 3
795 3
672 3
366 0
747 2
15 4
589 0
423 0
711 1
468 4
504 2
907 4
243 1
691 0
127 2
369 1
511 2
541 2
588 1
219 2
101 0
518 3
894 1
206 4
496 4
98 0
675 2
842 2
958 2
441 1
25 2
334 0
774 0
312 0
882 3
430 1
323 2
250 3
513 4
828 2
847 1
847 1
99 2
746 4
483 0
714 0
814 3
582 1
905 0
41 0
123 3
122 3
172 4
946 0
942 1
582 0
893 1
25 4
873 0
497 1
501 0
639 3
688 1
178 2
5 0
220 1
844 0
866 0
454 0
166 2
873 1
236 2
671 2
372 4
186 3
497 1
919 3
918 3
764 2
581 1
140 4
918 2
849 2
23 1
128 2
717 4
76 1
121 2
345 1
246 0
208 4
760 2
656 1
789 0
296 2
52 2
482 1
810 2
842 1
208 0
73 3
216 4
176 4
177 2
126 2
594 4
228 0
860 1
704 3
100 2
575 1
185 1
354 2
126 2
649 4
815 3
305 2
746 2
102 4
816 3
246 1
872 2
610 4
869 1
76 0
150 0
14 2
263 1
13 4
566 0
133 3
771 4
913 3
919 0
691 3
162 0
128 2
186 4
791 3
494 3
850 1
897 4
911 1
115 3
780 0
463 1
232 0
489 0
83 4
62 3
940 2
740 2
101 1
79 4
219 2
957 0
261 2
884 2
890 0
120 1
197 1
742 3
955 4
47 3
891 0
800 4
872 4
757 2
645 1
701 2
402 3
99 1
483 2
179 1
445 4
218 4
642 1
834 3
395 4
928 0
708 3
594 3
569 2
947 0
311 1
868 0
963 4
237 0
825 1
323 3
185 4
895 1
769 0
758 0
638 4
404 3
830 3
302 0
150 3
563 4
666 1
813 0
566 0
310 3
668 2
556 2
753 2
300 4
189 1
106 4
859 3
122 4
625 0
407 1
808 0
475 1
383 1
450 2
905 3
795 2
406 0
628 0
926 3
930 0
489 1
932 4
404 3
324 3
522 0
890 2
832 4
121 1
160 3
121 2
795 1
790 0
506 1
851 1
533 0
132 0
518 2
100 4
496 3
864 2
89 4
442 0
574 4
402 3
719 2
864 1
74 0
905 3
519 2
121 4
399 3
562 4
57 2
684 0
525 2
222 1
814 2
142 0
423 3
894 3
43 0
216 3
618 4
324 1
72 4
786 1
423 2
536 3
914 2
673 4
952 2
235 0
435 4
691 4
776 1
705 2
850 1
285 4
436 3
703 3
764 0
938 4
615 4
8 4
105 2
385 4
297 3
479 0
563 0
438 2
216 3
533 1
256 0
722 2
537 4
448 2
392 3
120 2
59 1
344 2
575 1
730 2
109 4
63 4
45 1
194 2
278 1
535 0
216 0
777 2
67 2
388 4
729 2
411 3
788 3
593 1
397 3
313 4
956 1
574 4
588 3
343 2
630 1
529 4
806 0
262 4
132 3
912 3
631 1
526 1
80 3
301 1
687 1
153 0
629 2
267 0
175 0
842 3
14 2
856 4
223 0
488 2
935 0
121 4
16 0
701 4
90 3
607 1
656 3
890 0
834 1
889 3
684 3
284 1
121 2
483 2
644 2
413 0
815 1
439 3
827 1
775 2
147 1
255 1
499 3
737 3
370 2
829 0
221 3
714 3
776 2
797 1
362 3
520 4
125 4
50 1
163 1
131 0
573 0
413 1
538 3
496 0
151 0
902 2
735 0
780 2
955 0
872 2
713 0
814 1
215 1
602 4
92 4
641 1
846 2
924 1
181 1
413 2
64 0
649 3
477 1
736 4
607 0
357 3
112 4
11 4
595 3
363 1
747 2
834 0
448 0
254 2
783 2
436 2
156 0
30 0
558 2
357 4
678 0
361 3
954 3
125 4
786 3
125 3
441 4
793 1
902 0
255 3
909 4
11 3
486 0
622 0
288 4
940 0
300 2
590 1
865 3
10 1
394 4
269 1
419 2
145 1
826 4
439 1
137 1
132 1
157 0
644 2
950 3
470 4
594 2
389 1
385 4
875 2
77 4
684 2
50 4
69 3
928 0
894 4
954 0
379 2
390 3
742 1
962 3
327 3
788 0
560 3
149 4
643 2
527 1
894 2
704 0
251 0
909 2
276 4
223 3
891 1
413 0
233 4
792 2
583 1
147 1
557 1
871 4
737 3
570 4
950 3
909 2
103 3
585 1
734 0
528 4
420 2
552 3
861 3
906 4
802 0
937 3
331 0
370 4
123 2
58 0
460 1
203 0
409 3
768 2
73 4
752 0
153 0
207 0
179 1
879 4
225 2
669 3
405 3
442 0
310 1
828 0
622 4
178 0
640 2
485 0
574 0
764 3
928 0
740 0
12 3
388 0
454 1
690 0
892 0
44 1
425 3
902 3
141 0
494 3
830 4
618 0
126 3
508 4
216 3
761 0
885 4
120 4
813 2
588 2
498 1
54 3
184 3
365 1
350 2
861 2
505 4
290 0
183 2
938 1
862 0
766 1
960 2
757 1
200 0
892 2
382 3
538 1
750 1
224 4
87 1
150 4
772 4
557 2
718 2
166 2
447 1
396 2
845 4
220 4
938 1
324 0
375 3
596 0
959 3
660 1
769 3
145 1
381 2
613 1
356 1
258 3
51 4
347 3
761 0
354 4
56 3
498 3
779 3
392 0
209 3
902 1
458 4
750 0
496 4
723 3
168 0
412 4
253 1
359 3
489 0
113 3
64 2
232 2
574 2
111 0
334 3
291 2
654 4
20 4
3 2
177 4
890 1
862 0
291 0
285 0
334 0
475 4
27 0
326 1
197 4
37 0
842 0
102 0
491 2
894 3
224 4
302 3
762 4
928 4
929 2
923 2
184 3
542 3
584 2
706 2
661 0
478 3
837 1
710 0
616 4
586 4
131 0
534 2
629 4
31 1
525 4
322 1
505 3
477 1
50 4
320 1
613 3
878 1
847 0
701 0
322 4
208 3
192 1
394 0
844 0
502 4
891 3
393 0
385 0
441 2
113 4
176 0
212 1
701 3
140 2
520 2
339 4
945 1
449 1
406 3
357 2
893 0
572 4
244 4
321 0
694 2
157 2
359 4
141 2
453 0
339 1
775 0
124 2
180 1
595 1
187 1
671 3
769 4
524 3
943 1
497 4
580 2
54 1
24 4
692 1
735 0
770 1
185 3
513 1
210 4
755 0
381 0
845 4
756 2
339 3
784 4
609 2
482 0
312 4
339 4
783 2
195 0
354 2
391 3
58 0
438 4
731 0
754 0
540 1
489 0
145 3
931 2
950 3
803 4
912 4
606 1
765 0
520 0
452 4
209 0
771 0
368 0
783 3
145 0
926 1
743 3
633 2
763 2
362 1
122 4
520 4
